Mar 23, 2022	1,633.75	1,665.50	1,630.25	1,652.00	1,652.00	2,025
Mar 22, 2022	1,630.00	1,653.00	1,625.25	1,633.75	1,633.75	2,405
Mar 21, 2022	1,603.25	1,641.50	1,603.25	1,627.00	1,627.00	2,173
Mar 18, 2022	1,605.50	1,619.00	1,588.00	1,602.25	1,602.25	2,368
Mar 17, 2022	1,587.00	1,610.25	1,585.00	1,604.25	1,604.25	2,724
Mar 16, 2022	1,597.75	1,614.25	1,581.25	1,586.25	1,586.25	2,748
Mar 15, 2022	1,605.50	1,607.00	1,576.25	1,594.25	1,594.25	2,698
Mar 14, 2022	1,622.25	1,626.50	1,600.75	1,604.00	1,604.00	2,533
Mar 11, 2022	1,615.75	1,619.75	1,590.00	1,610.25	1,610.25	2,683
Mar 10, 2022	1,595.25	1,622.25	1,588.50	1,612.75	1,612.75	4,234
Mar 09, 2022	1,606.75	1,629.75	1,589.50	1,591.25	1,591.25	2,326
Mar 08, 2022	1,583.25	1,612.75	1,572.00	1,604.25	1,604.25	3,230
Mar 07, 2022	1,581.25	1,601.50	1,561.25	1,580.50	1,580.50	3,352
Mar 04, 2022	1,582.25	1,590.00	1,545.00	1,568.25	1,568.25	7,186
Mar 03, 2022	1,593.75	1,616.75	1,574.75	1,577.50	1,577.50	3,895
Mar 02, 2022	1,619.75	1,620.00	1,574.50	1,585.50	1,585.50	3,773
Mar 01, 2022	1,579.75	1,625.00	1,579.75	1,616.00	1,616.00	2,607
Feb 28, 2022	1,551.75	1,594.75	1,551.75	1,573.00	1,573.00	2,607
Feb 25, 2022	1,592.50	1,614.75	1,530.75	1,536.25	1,536.25	7,215
Feb 24, 2022	1,611.75	1,691.75	1,588.00	1,592.25	1,592.25	7,215
Feb 23, 2022	1,590.00	1,620.00	1,590.00	1,617.50	1,617.50	5,710
Feb 22, 2022	1,574.75	1,595.00	1,566.25	1,590.00	1,590.00	1,808
Feb 18, 2022	1,558.25	1,572.50	1,553.75	1,565.50	1,565.50	1,335
Feb 17, 2022	1,553.75	1,570.25	1,543.25	1,559.25	1,559.25	1,335
Feb 16, 2022	1,521.50	1,555.50	1,521.50	1,554.75	1,554.75	2,359
Feb 15, 2022	1,540.00	1,547.25	1,516.50	1,524.00	1,524.00	2,924
Feb 14, 2022	1,559.75	1,562.75	1,522.25	1,541.75	1,541.75	2,121
Feb 11, 2022	1,540.00	1,559.25	1,533.25	1,548.50	1,548.50	5,785
Feb 10, 2022	1,553.00	1,594.00	1,532.25	1,540.25	1,540.25	5,785
Feb 09, 2022	1,535.75	1,558.25	1,532.00	1,556.00	1,556.00	2,373
Feb 08, 2022	1,543.25	1,543.75	1,524.00	1,533.00	1,533.00	2,373
Feb 07, 2022	1,525.25	1,546.25	1,525.00	1,540.75	1,540.75	2,538
Feb 04, 2022	1,509.00	1,516.75	1,498.50	1,515.25	1,515.25	3,673
Feb 03, 2022	1,501.50	1,515.25	1,490.50	1,505.25	1,505.25	3,673
Feb 02, 2022	1,490.50	1,516.00	1,490.50	1,504.50	1,504.50	5,802
Feb 01, 2022	1,458.50	1,498.75	1,457.25	1,490.00	1,490.00	2,019
Jan 31, 2022	1,448.00	1,465.00	1,448.00	1,460.50	1,460.50	3,062
Jan 28, 2022	1,424.75	1,451.50	1,419.50	1,443.50	1,443.50	4,182
Jan 27, 2022	1,417.25	1,434.50	1,414.25	1,427.25	1,427.25	4,182
Jan 26, 2022	1,393.50	1,425.50	1,386.00	1,424.00	1,424.00	4,423
Jan 25, 2022	1,389.75	1,401.75	1,381.50	1,398.00	1,398.00	2,005
Jan 24, 2022	1,402.00	1,406.25	1,370.25	1,388.75	1,388.75	2,005
Jan 21, 2022	1,402.25	1,410.75	1,392.75	1,400.25	1,400.25	4,458
Jan 20, 2022	1,382.50	1,413.75	1,381.25	1,411.00	1,411.00	4,458
Jan 19, 2022	1,358.75	1,385.25	1,358.25	1,384.00	1,384.00	1,784
Jan 18, 2022	1,359.25	1,363.50	1,346.75	1,356.75	1,356.75	1,641
Jan 14, 2022	1,371.00	1,376.75	1,362.00	1,365.75	1,365.75	1,641
Jan 13, 2022	1,387.50	1,389.25	1,366.75	1,375.25	1,375.25	2,115
Jan 12, 2022	1,374.50	1,391.00	1,359.25	1,390.75	1,390.75	1,616
Jan 11, 2022	1,381.75	1,384.00	1,365.50	1,378.50	1,378.50	1,605
Jan 10, 2022	1,391.75	1,397.25	1,371.25	1,378.50	1,378.50	2,908
Jan 07, 2022	1,382.00	1,403.75	1,373.00	1,402.25	1,402.25	1,478
Jan 06, 2022	1,381.50	1,384.00	1,364.25	1,382.25	1,382.25	1,478
Jan 05, 2022	1,381.00	1,387.00	1,373.25	1,385.75	1,385.75	2,591
Jan 04, 2022	1,353.25	1,381.50	1,353.00	1,380.25	1,380.25	2,010
Jan 03, 2022	1,352.00	1,364.75	1,341.75	1,353.25	1,353.25	2,010
Dec 31, 2021	1,341.25	1,345.25	1,336.50	1,337.25	1,337.25	1,964
Dec 30, 2021	1,361.00	1,363.50	1,333.25	1,336.50	1,336.50	1,964
Dec 29, 2021	1,357.75	1,363.00	1,350.25	1,362.50	1,362.50	1,625
Dec 28, 2021	1,358.50	1,370.00	1,354.50	1,359.25	1,359.25	2,333
Dec 27, 2021	1,342.25	1,363.00	1,339.00	1,362.00	1,362.00	2,333
Dec 23, 2021	1,330.00	1,336.50	1,325.00	1,335.50	1,335.50	1,021
Dec 22, 2021	1,310.75	1,331.00	1,310.75	1,330.00	1,330.00	1,021
Dec 21, 2021	1,296.00	1,313.75	1,295.50	1,310.25	1,310.25	294
Dec 20, 2021	1,288.75	1,297.00	1,286.00	1,295.25	1,295.25	294
Dec 17, 2021	1,281.50	1,297.00	1,281.50	1,289.00	1,289.00	686
Dec 16, 2021	1,274.25	1,287.00	1,274.25	1,282.25	1,282.25	1,253
Dec 15, 2021	1,272.00	1,277.25	1,262.50	1,273.25	1,273.25	1,509
Dec 14, 2021	1,258.00	1,278.50	1,255.00	1,273.25	1,273.25	353
Dec 13, 2021	1,279.00	1,281.00	1,259.75	1,259.75	1,259.75	311
Dec 10, 2021	1,279.75	1,288.25	1,273.75	1,280.50	1,280.50	602
Dec 09, 2021	1,277.50	1,280.25	1,262.00	1,278.00	1,278.00	463
Dec 08, 2021	1,263.25	1,278.25	1,257.00	1,275.75	1,275.75	896
Dec 07, 2021	1,276.25	1,279.25	1,261.00	1,265.25	1,265.25	1,022
Dec 06, 2021	1,274.25	1,274.75	1,265.75	1,272.50	1,272.50	780
Dec 03, 2021	1,259.25	1,279.50	1,259.25	1,276.00	1,276.00	780
Dec 02, 2021	1,240.75	1,263.00	1,240.75	1,256.25	1,256.25	663
Dec 01, 2021	1,247.50	1,252.00	1,236.25	1,244.50	1,244.50	1,816
Nov 30, 2021	1,264.75	1,265.25	1,235.75	1,237.75	1,237.75	1,816
Nov 29, 2021	1,280.50	1,286.75	1,262.00	1,262.50	1,262.50	1,098
Nov 26, 2021	1,271.00	1,274.75	1,264.25	1,274.25	1,274.25	306
Nov 25, 2021	-	-	-	-	-	-
Nov 24, 2021	1,293.00	1,297.50	1,283.75	1,286.00	1,286.00	306
Nov 23, 2021	1,296.25	1,296.25	1,282.75	1,292.00	1,292.00	489
Nov 22, 2021	1,284.00	1,298.50	1,284.00	1,294.25	1,294.25	489
Nov 19, 2021	1,284.50	1,294.75	1,281.25	1,284.75	1,284.75	764
Nov 18, 2021	1,298.00	1,303.50	1,283.75	1,285.25	1,285.25	764
Nov 17, 2021	1,278.25	1,307.25	1,278.00	1,296.50	1,296.50	1,174
Nov 16, 2021	1,280.75	1,281.25	1,273.75	1,274.50	1,274.50	616
Nov 15, 2021	1,268.25	1,280.50	1,264.75	1,280.25	1,280.25	1,658
Nov 12, 2021	1,249.50	1,272.00	1,246.75	1,269.00	1,269.00	494
Nov 11, 2021	1,245.50	1,253.00	1,240.75	1,247.50	1,247.50	494
Nov 10, 2021	1,239.25	1,249.25	1,239.00	1,245.25	1,245.25	739
Nov 09, 2021	1,219.50	1,264.50	1,213.25	1,240.50	1,240.50	1,540
Nov 08, 2021	1,229.25	1,234.25	1,217.50	1,219.75	1,219.75	1,292
Nov 05, 2021	1,247.50	1,248.00	1,230.75	1,232.75	1,232.75	578
Nov 04, 2021	1,265.25	1,268.50	1,242.50	1,247.00	1,247.00	410
Nov 03, 2021	1,271.25	1,277.00	1,262.75	1,267.50	1,267.50	410
Nov 02, 2021	1,265.75	1,277.25	1,262.25	1,276.25	1,276.25	290
Nov 01, 2021	1,272.00	1,274.00	1,257.50	1,267.25	1,267.25	215
Oct 29, 2021	1,265.00	1,273.50	1,262.75	1,268.25	1,268.25	663
Oct 28, 2021	1,269.25	1,275.25	1,261.50	1,265.25	1,265.25	586
Oct 27, 2021	1,261.00	1,279.75	1,254.50	1,267.75	1,267.75	354
Oct 26, 2021	1,259.00	1,270.25	1,258.75	1,264.50	1,264.50	364
Oct 25, 2021	1,257.50	1,264.50	1,257.00	1,263.75	1,263.75	364
Oct 22, 2021	1,255.00	1,258.50	1,247.00	1,250.25	1,250.25	357
Oct 21, 2021	1,275.50	1,278.25	1,254.50	1,256.25	1,256.25	357
Oct 20, 2021	1,260.75	1,277.75	1,260.50	1,276.25	1,276.25	423
Oct 19, 2021	1,251.25	1,262.00	1,249.75	1,255.75	1,255.75	423
Oct 18, 2021	1,247.25	1,251.75	1,239.50	1,247.00	1,247.00	645
Oct 15, 2021	1,234.00	1,249.25	1,233.25	1,246.50	1,246.50	709
Oct 14, 2021	1,232.25	1,236.50	1,226.25	1,236.25	1,236.25	709
Oct 13, 2021	1,242.50	1,242.75	1,221.25	1,229.50	1,229.50	1,558
Oct 12, 2021	1,261.00	1,261.00	1,232.00	1,234.75	1,234.75	1,499
Oct 11, 2021	1,270.00	1,277.75	1,261.25	1,262.00	1,262.00	1,093
Oct 08, 2021	1,277.50	1,291.50	1,273.75	1,273.75	1,273.75	456
Oct 07, 2021	1,272.00	1,279.75	1,268.00	1,278.25	1,278.25	574
Oct 06, 2021	1,279.00	1,285.00	1,271.00	1,273.25	1,273.25	749
Oct 05, 2021	1,263.00	1,285.25	1,263.00	1,281.25	1,281.25	714
Oct 04, 2021	1,271.25	1,273.75	1,262.00	1,266.75	1,266.75	483
Oct 01, 2021	1,272.00	1,275.00	1,267.00	1,271.50	1,271.50	1,019
Sep 30, 2021	1,296.50	1,304.50	1,270.25	1,275.25	1,275.25	1,019
Sep 29, 2021	1,290.50	1,300.25	1,290.50	1,296.75	1,296.75	205
Sep 28, 2021	1,295.75	1,297.50	1,291.25	1,291.75	1,291.75	145
Sep 27, 2021	1,299.75	1,307.75	1,299.75	1,301.75	1,301.75	145
Sep 24, 2021	1,294.25	1,298.00	1,293.00	1,296.25	1,296.25	61
Sep 23, 2021	1,293.00	1,296.25	1,292.50	1,296.25	1,296.25	61
Sep 22, 2021	1,294.75	1,296.00	1,285.25	1,294.75	1,294.75	227
Sep 21, 2021	1,276.25	1,288.75	1,274.00	1,288.75	1,288.75	234
Sep 20, 2021	1,289.75	1,289.75	1,278.00	1,278.00	1,278.00	277
Sep 17, 2021	1,297.00	1,297.00	1,293.75	1,296.50	1,296.50	229
Sep 16, 2021	1,306.00	1,313.00	1,304.50	1,304.50	1,304.50	229
Sep 15, 2021	1,295.00	1,305.50	1,295.00	1,305.50	1,305.50	1,223
Sep 14, 2021	1,299.00	1,300.00	1,295.00	1,297.25	1,297.25	735
Sep 13, 2021	1,303.50	1,303.50	1,294.50	1,299.25	1,299.25	214
Sep 10, 2021	1,289.25	1,312.50	1,281.50	1,300.50	1,300.50	601
Sep 09, 2021	1,291.00	1,295.00	1,285.00	1,286.00	1,286.00	409
Sep 08, 2021	1,294.75	1,299.75	1,291.75	1,297.00	1,297.00	97
Sep 07, 2021	1,315.25	1,315.25	1,296.50	1,296.50	1,296.50	97
Sep 03, 2021	1,294.75	1,310.00	1,294.75	1,309.00	1,309.00	552
Sep 02, 2021	1,290.00	1,301.25	1,290.00	1,298.50	1,298.50	648
Sep 01, 2021	1,302.25	1,305.50	1,288.75	1,294.50	1,294.50	843
Aug 31, 2021	1,312.25	1,312.25	1,302.00	1,306.75	1,306.75	150
Aug 30, 2021	1,332.00	1,332.00	1,305.75	1,311.25	1,311.25	155
Aug 27, 2021	1,320.50	1,322.25	1,311.25	1,322.25	1,322.25	230
Aug 26, 2021	1,328.00	1,328.75	1,321.00	1,325.50	1,325.50	117
Aug 25, 2021	1,322.75	1,339.25	1,322.25	1,333.50	1,333.50	350
Aug 24, 2021	1,301.75	1,332.50	1,301.75	1,329.50	1,329.50	199
Aug 23, 2021	1,300.25	1,304.00	1,293.00	1,294.75	1,294.75	212
Aug 20, 2021	1,318.00	1,318.00	1,277.25	1,288.50	1,288.50	741
Aug 19, 2021	1,328.75	1,330.00	1,306.00	1,310.75	1,310.75	294
Aug 18, 2021	1,329.75	1,338.75	1,327.00	1,335.75	1,335.75	658
Aug 17, 2021	1,342.75	1,347.75	1,332.25	1,336.00	1,336.00	282
Aug 16, 2021	1,335.00	1,339.00	1,333.50	1,338.50	1,338.50	236
Aug 13, 2021	1,319.25	1,336.50	1,319.25	1,333.25	1,333.25	317
Aug 12, 2021	1,314.50	1,342.00	1,310.75	1,322.25	1,322.25	316
Aug 11, 2021	1,322.00	1,332.50	1,320.00	1,322.00	1,322.00	200
Aug 10, 2021	1,313.50	1,327.00	1,310.25	1,318.00	1,318.00	236
Aug 09, 2021	1,320.00	1,321.75	1,309.75	1,313.75	1,313.75	349
Aug 06, 2021	1,311.75	1,323.00	1,311.75	1,321.50	1,321.50	456
Aug 05, 2021	1,311.75	1,325.00	1,305.25	1,314.50	1,314.50	456
Aug 04, 2021	1,316.00	1,316.00	1,307.25	1,314.00	1,314.00	86
Aug 03, 2021	1,327.50	1,327.50	1,304.25	1,310.25	1,310.25	86
Aug 02, 2021	1,320.00	1,332.75	1,315.75	1,332.75	1,332.75	61
Jul 30, 2021	1,324.00	1,326.50	1,320.25	1,326.50	1,326.50	93
Jul 29, 2021	1,345.00	1,345.00	1,345.00	1,345.00	1,345.00	28
Jul 28, 2021	1,322.50	1,330.75	1,322.50	1,330.75	1,330.75	52
Jul 27, 2021	1,339.00	1,341.75	1,327.75	1,327.75	1,327.75	136
Jul 26, 2021	1,318.00	1,331.75	1,317.50	1,331.75	1,331.75	44
Jul 23, 2021	1,324.00	1,324.00	1,320.00	1,323.00	1,323.00	87
Jul 22, 2021	1,316.00	1,326.50	1,316.00	1,326.50	1,326.50	75
Jul 21, 2021	1,347.75	1,347.75	1,346.50	1,347.75	1,347.75	101
Jul 20, 2021	1,351.50	1,351.50	1,329.25	1,341.75	1,341.75	39
Jul 19, 2021	1,347.25	1,347.25	1,331.50	1,331.50	1,331.50	81
Jul 16, 2021	1,344.50	1,353.00	1,344.50	1,347.25	1,347.25	84
Jul 15, 2021	1,341.75	1,341.75	1,337.25	1,339.25	1,339.25	11
Jul 14, 2021	1,315.00	1,343.75	1,312.75	1,343.75	1,343.75	30
Jul 13, 2021	1,320.00	1,323.00	1,318.00	1,318.00	1,318.00	23
Jul 12, 2021	1,301.50	1,316.25	1,301.50	1,316.25	1,316.25	83
Jul 09, 2021	1,293.00	1,298.00	1,292.50	1,298.00	1,298.00	40
Jul 08, 2021	1,282.50	1,286.75	1,282.50	1,286.75	1,286.75	187
Jul 07, 2021	1,294.00	1,294.50	1,285.00	1,289.25	1,289.25	20
Jul 06, 2021	1,266.75	1,266.75	1,266.75	1,266.75	1,266.75	78
Jul 02, 2021	1,352.50	1,352.50	1,345.50	1,345.75	1,345.75	93
Jul 01, 2021	1,362.00	1,362.00	1,341.00	1,341.00	1,341.00	23
Jun 30, 2021	1,280.25	1,344.75	1,280.25	1,344.75	1,344.75	247
Jun 29, 2021	1,304.00	1,304.00	1,289.25	1,289.25	1,289.25	27
Jun 28, 2021	1,294.00	1,294.00	1,294.00	1,294.00	1,294.00	71
Jun 25, 2021	1,258.25	1,259.00	1,257.25	1,257.25	1,257.25	158
Jun 24, 2021	1,283.00	1,285.25	1,254.50	1,281.25	1,281.25	414
Jun 23, 2021	1,281.25	1,289.75	1,281.25	1,288.25	1,288.25	207
Jun 22, 2021	1,290.75	1,294.25	1,282.25	1,282.25	1,282.25	49
Jun 21, 2021	1,269.75	1,300.25	1,260.75	1,298.25	1,298.25	163
Jun 18, 2021	1,265.75	1,298.00	1,260.00	1,289.00	1,289.00	231
Jun 17, 2021	1,303.25	1,303.25	1,225.75	1,231.00	1,231.00	172
Jun 16, 2021	1,314.50	1,314.50	1,306.75	1,309.75	1,309.75	41
Jun 15, 2021	1,335.75	1,335.75	1,335.75	1,335.75	1,335.75	28
Jun 14, 2021	1,367.75	1,367.75	1,345.75	1,354.75	1,354.75	44
Jun 11, 2021	1,383.00	1,390.75	1,382.00	1,390.75	1,390.75	146
Jun 10, 2021	1,398.75	1,405.25	1,396.75	1,405.25	1,405.25	95
Jun 09, 2021	1,390.25	1,396.75	1,390.25	1,396.75	1,396.75	45
Jun 08, 2021	1,402.25	1,402.75	1,402.25	1,402.75	1,402.75	104
Jun 07, 2021	1,392.00	1,392.00	1,392.00	1,392.00	1,392.00	85
Jun 04, 2021	1,379.50	1,379.50	1,377.75	1,377.75	1,377.75	152
Jun 03, 2021	1,378.00	1,378.00	1,361.75	1,366.00	1,366.00	26
Jun 02, 2021	1,366.50	1,366.50	1,366.50	1,366.50	1,366.50	42
Jun 01, 2021	1,358.25	1,366.50	1,338.75	1,349.25	1,349.25	30
May 28, 2021	1,328.25	1,332.75	1,327.75	1,328.00	1,328.00	130
May 27, 2021	1,320.25	1,331.25	1,320.25	1,331.25	1,331.25	18
May 26, 2021	1,306.75	1,306.75	1,306.00	1,306.00	1,306.00	25
May 25, 2021	1,319.75	1,319.75	1,299.00	1,305.75	1,305.75	47
May 24, 2021	1,309.75	1,312.50	1,309.75	1,312.50	1,312.50	4
May 21, 2021	1,313.00	1,313.75	1,307.75	1,307.75	1,307.75	60
May 20, 2021	1,315.25	1,315.25	1,315.25	1,315.25	1,315.25	11
May 19, 2021	1,333.25	1,333.25	1,318.50	1,318.50	1,318.50	16
May 18, 2021	1,340.25	1,340.25	1,338.25	1,338.25	1,338.25	1
May 17, 2021	1,337.00	1,337.00	1,327.00	1,332.50	1,332.50	44
May 14, 2021	1,340.00	1,343.25	1,336.25	1,336.25	1,336.25	78
May 13, 2021	1,337.25	1,337.25	1,315.25	1,326.00	1,326.00	78
May 12, 2021	1,361.75	1,365.00	1,346.50	1,352.25	1,352.25	1
May 11, 2021	1,355.25	1,355.25	1,355.25	1,355.25	1,355.25	1
May 10, 2021	1,344.25	1,345.00	1,344.25	1,345.00	1,345.00	37
May 07, 2021	1,353.25	1,353.25	1,353.25	1,353.25	1,353.25	75
May 06, 2021	1,339.00	1,353.75	1,339.00	1,340.25	1,340.25	56
May 05, 2021	1,310.50	1,327.00	1,310.50	1,327.00	1,327.00	40
May 04, 2021	1,305.75	1,309.25	1,305.25	1,307.75	1,307.75	11
May 03, 2021	1,308.75	1,308.75	1,285.75	1,295.00	1,295.00	44
Apr 30, 2021	1,277.25	1,292.75	1,277.25	1,292.75	1,292.75	18
Apr 29, 2021	1,280.00	1,280.00	1,273.50	1,277.00	1,277.00	4
Apr 28, 2021	1,280.75	1,280.75	1,280.75	1,280.75	1,280.75	38
Apr 27, 2021	1,300.00	1,310.50	1,291.75	1,293.75	1,293.75	103
Apr 26, 2021	1,287.00	1,305.25	1,287.00	1,304.25	1,304.25	95
Apr 23, 2021	1,275.25	1,279.50	1,271.75	1,277.75	1,277.75	33
Apr 22, 2021	1,272.75	1,274.75	1,272.75	1,274.50	1,274.50	69
Apr 21, 2021	1,250.00	1,250.00	1,249.75	1,249.75	1,249.75	3
Apr 20, 2021	1,242.50	1,243.75	1,241.25	1,241.25	1,241.25	62
Apr 19, 2021	1,227.50	1,227.50	1,227.50	1,227.50	1,227.50	24
Apr 16, 2021	1,223.00	1,223.00	1,223.00	1,223.00	1,223.00	47
Apr 15, 2021	1,220.00	1,220.00	1,220.00	1,220.00	1,220.00	5
Apr 14, 2021	1,214.50	1,216.75	1,214.50	1,216.75	1,216.75	12
Apr 13, 2021	1,207.25	1,207.25	1,207.25	1,207.25	1,207.25	20
Apr 12, 2021	1,205.75	1,205.75	1,205.75	1,205.75	1,205.75	10
Apr 09, 2021	1,222.25	1,222.25	1,215.25	1,215.25	1,215.25	33
Apr 08, 2021	1,222.25	1,222.25	1,222.25	1,222.25	1,222.25	20
Apr 07, 2021	1,219.50	1,221.00	1,219.50	1,221.00	1,221.00	1
Apr 06, 2021	1,221.25	1,221.25	1,221.25	1,221.25	1,221.25	-
Apr 05, 2021	1,218.50	1,218.50	1,218.50	1,218.50	1,218.50	1
Apr 01, 2021	1,222.25	1,223.50	1,213.00	1,213.00	1,213.00	127
Mar 31, 2021	1,181.75	1,218.25	1,180.75	1,218.25	1,218.25	26
Mar 30, 2021	1,163.50	1,167.75	1,163.50	1,166.50	1,166.50	71
Mar 29, 2021	1,179.50	1,179.50	1,179.50	1,179.50	1,179.50	16
Mar 26, 2021	1,180.25	1,180.25	1,180.25	1,180.25	1,180.25	27
Mar 25, 2021	1,180.00	1,180.00	1,180.00	1,180.00	1,180.00	6
Mar 24, 2021	1,187.75	1,192.25	1,187.50	1,190.00	1,190.00	57
Mar 23, 2021	1,182.50	1,182.50	1,182.50	1,182.50	1,182.50	-
Mar 22, 2021	1,174.00	1,174.00	1,174.00	1,174.00	1,174.00	1
Mar 19, 2021	1,176.75	1,185.75	1,176.75	1,179.25	1,179.25	21
Mar 18, 2021	1,174.00	1,174.00	1,174.00	1,174.00	1,174.00	10
Mar 17, 2021	1,199.50	1,199.50	1,199.50	1,199.50	1,199.50	-
Mar 16, 2021	1,210.25	1,210.25	1,210.25	1,210.25	1,210.25	-
Mar 15, 2021	1,210.00	1,210.00	1,210.00	1,210.00	1,210.00	-
Mar 12, 2021	1,210.00	1,210.00	1,210.00	1,210.00	1,210.00	-
Mar 11, 2021	1,205.00	1,205.00	1,205.00	1,205.00	1,205.00	-
Mar 10, 2021	1,191.75	1,191.75	1,191.75	1,191.75	1,191.75	4
Mar 09, 2021	1,204.50	1,204.50	1,204.50	1,204.50	1,204.50	2
Mar 08, 2021	1,196.75	1,196.75	1,196.75	1,196.75	1,196.75	7
Mar 05, 2021	1,188.00	1,188.00	1,188.00	1,188.00	1,188.00	10
Mar 04, 2021	1,178.75	1,178.75	1,178.75	1,178.75	1,178.75	5
Mar 03, 2021	1,166.50	1,166.50	1,166.50	1,166.50	1,166.50	4
Mar 02, 2021	1,161.00	1,168.00	1,161.00	1,168.00	1,168.00	13
Mar 01, 2021	1,162.50	1,162.50	1,162.50	1,162.50	1,162.50	21
Feb 26, 2021	1,159.50	1,159.50	1,159.50	1,159.50	1,159.50	-
Feb 25, 2021	1,167.75	1,167.75	1,163.75	1,166.50	1,166.50	40
Feb 24, 2021	1,164.75	1,164.75	1,164.75	1,164.75	1,164.75	7
Feb 23, 2021	1,156.25	1,157.25	1,156.25	1,157.25	1,157.25	13
Feb 22, 2021	1,139.50	1,147.00	1,139.50	1,146.25	1,146.25	34
Feb 19, 2021	1,134.25	1,134.25	1,134.25	1,134.25	1,134.25	-
Feb 18, 2021	1,129.00	1,129.00	1,129.00	1,129.00	1,129.00	38
Feb 17, 2021	1,129.50	1,129.50	1,129.50	1,129.50	1,129.50	15
Feb 16, 2021	1,125.00	1,131.25	1,125.00	1,131.25	1,131.25	1
Feb 12, 2021	1,114.25	1,114.25	1,114.25	1,114.25	1,114.25	-
Feb 11, 2021	1,112.75	1,112.75	1,112.75	1,112.75	1,112.75	1
Feb 10, 2021	1,109.00	1,109.00	1,109.00	1,109.00	1,109.00	5
Feb 09, 2021	1,121.50	1,121.50	1,121.50	1,121.50	1,121.50	30
Feb 08, 2021	1,115.00	1,115.00	1,114.25	1,114.25	1,114.25	3
Feb 05, 2021	1,096.75	1,096.75	1,096.75	1,096.75	1,096.75	-
Feb 04, 2021	1,095.25	1,095.25	1,095.25	1,095.25	1,095.25	-
Feb 03, 2021	1,088.00	1,088.00	1,088.00	1,088.00	1,088.00	-
Feb 02, 2021	1,083.75	1,083.75	1,083.75	1,083.75	1,083.75	-
Feb 01, 2021	1,086.00	1,086.00	1,086.00	1,086.00	1,086.00	-
Jan 29, 2021	1,074.00	1,074.00	1,074.00	1,074.00	1,074.00	-
Jan 28, 2021	1,064.00	1,064.00	1,064.00	1,064.00	1,064.00	1
Jan 27, 2021	1,093.75	1,093.75	1,082.50	1,082.50	1,082.50	10
Jan 26, 2021	1,087.00	1,091.75	1,087.00	1,087.00	1,087.00	6
Jan 25, 2021	1,072.50	1,072.50	1,072.50	1,072.50	1,072.50	5
Jan 22, 2021	1,049.00	1,049.00	1,049.00	1,049.00	1,049.00	-
Jan 21, 2021	1,093.00	1,093.00	1,093.00	1,093.00	1,093.00	-
Jan 20, 2021	1,094.50	1,094.50	1,094.50	1,094.50	1,094.50	-
Jan 19, 2021	1,112.00	1,112.00	1,112.00	1,112.00	1,112.00	1
Jan 15, 2021	1,120.25	1,120.25	1,120.25	1,120.25	1,120.25	7
Jan 14, 2021	1,115.00	1,115.00	1,115.00	1,115.00	1,115.00	-
Jan 13, 2021	1,100.25	1,100.25	1,100.25	1,100.25	1,100.25	8
Jan 12, 2021	1,099.00	1,099.00	1,099.00	1,099.00	1,099.00	5
Jan 11, 2021	1,101.75	1,101.75	1,101.75	1,101.75	1,101.75	5
Jan 08, 2021	1,116.75	1,116.75	1,116.75	1,116.75	1,116.75	-
Jan 07, 2021	1,110.00	1,110.00	1,110.00	1,110.00	1,110.00	-
Jan 06, 2021	1,108.25	1,108.25	1,108.25	1,108.25	1,108.25	2
Jan 05, 2021	1,105.50	1,105.50	1,096.50	1,096.50	1,096.50	4
Jan 04, 2021	1,077.75	1,077.75	1,077.75	1,077.75	1,077.75	17
Dec 31, 2020	1,073.75	1,073.75	1,073.00	1,073.00	1,073.00	3
Dec 30, 2020	1,066.00	1,067.25	1,066.00	1,067.25	1,067.25	13
Dec 29, 2020	1,063.25	1,063.25	1,063.25	1,063.25	1,063.25	-
Dec 28, 2020	1,052.25	1,052.25	1,052.25	1,052.25	1,052.25	-
Dec 24, 2020	1,052.50	1,052.50	1,052.50	1,052.50	1,052.50	-
Dec 23, 2020	1,053.50	1,053.50	1,053.50	1,053.50	1,053.50	-
Dec 22, 2020	1,057.00	1,057.00	1,057.00	1,057.00	1,057.00	-
Dec 21, 2020	1,057.00	1,057.00	1,057.00	1,057.00	1,057.00	2
Dec 18, 2020	1,047.00	1,047.00	1,047.00	1,047.00	1,047.00	3
Dec 17, 2020	1,034.25	1,039.50	1,034.25	1,039.50	1,039.50	1
Dec 16, 2020	1,033.75	1,033.75	1,033.75	1,033.75	1,033.75	1
Dec 15, 2020	1,038.25	1,038.25	1,038.25	1,038.25	1,038.25	-
Dec 14, 2020	1,036.75	1,036.75	1,036.75	1,036.75	1,036.75	-
Dec 11, 2020	1,034.25	1,034.25	1,034.25	1,034.25	1,034.25	-
Dec 10, 2020	1,026.75	1,026.75	1,026.75	1,026.75	1,026.75	-
Dec 09, 2020	1,026.75	1,026.75	1,026.75	1,026.75	1,026.75	-
Dec 08, 2020	1,020.00	1,020.00	1,020.00	1,020.00	1,020.00	-
Dec 07, 2020	1,019.75	1,019.75	1,019.75	1,019.75	1,019.75	-
Dec 04, 2020	1,013.75	1,013.75	1,013.75	1,013.75	1,013.75	-
Dec 03, 2020	1,013.25	1,013.25	1,013.25	1,013.25	1,013.25	-
Dec 02, 2020	1,005.75	1,005.75	1,005.75	1,005.75	1,005.75	-
Dec 01, 2020	1,011.00	1,011.00	1,011.00	1,011.00	1,011.00	-
Nov 30, 2020	1,016.00	1,016.00	1,016.00	1,016.00	1,016.00	-
Nov 27, 2020	1,029.50	1,029.50	1,029.50	1,029.50	1,029.50	-
Nov 25, 2020	1,024.50	1,024.50	1,024.50	1,024.50	1,024.50	-
Nov 24, 2020	1,029.25	1,029.25	1,029.25	1,029.25	1,029.25	-
Nov 23, 2020	1,028.50	1,028.50	1,028.50	1,028.50	1,028.50	-
Nov 20, 2020	1,024.00	1,024.00	1,024.00	1,024.00	1,024.00	-
Nov 19, 2020	1,023.75	1,023.75	1,023.75	1,023.75	1,023.75	-
Nov 18, 2020	1,024.25	1,024.25	1,024.25	1,024.25	1,024.25	-
Nov 17, 2020	1,019.25	1,019.25	1,019.25	1,019.25	1,019.25	5
Nov 16, 2020	1,018.75	1,018.75	1,018.75	1,018.75	1,018.75	-
Nov 13, 2020	1,012.25	1,012.25	1,012.25	1,012.25	1,012.25	50
Nov 12, 2020	1,002.00	1,002.00	1,002.00	1,002.00	1,002.00	13
Nov 11, 2020	1,003.50	1,003.50	1,003.50	1,003.50	1,003.50	-
Nov 10, 2020	993.50	993.50	993.50	993.50	993.50	-
Nov 09, 2020	982.50	982.50	982.50	982.50	982.50	-
Nov 06, 2020	983.75	983.75	983.75	983.75	983.75	-
Nov 05, 2020	981.25	981.25	981.25	981.25	981.25	-
Nov 04, 2020	968.50	968.50	968.50	968.50	968.50	-
Nov 03, 2020	955.25	955.25	955.25	955.25	955.25	-
Nov 02, 2020	949.75	949.75	949.75	949.75	949.75	-
Oct 30, 2020	945.75	945.75	945.75	945.75	945.75	-
Oct 29, 2020	939.75	939.75	939.75	939.75	939.75	-
Oct 28, 2020	939.25	939.25	939.25	939.25	939.25	-
Oct 27, 2020	950.75	950.75	950.75	950.75	950.75	-
Oct 26, 2020	953.50	953.50	953.50	953.50	953.50	-
Oct 23, 2020	954.75	954.75	954.75	954.75	954.75	-
Oct 22, 2020	954.25	954.25	954.25	954.25	954.25	-
Oct 21, 2020	953.25	953.25	953.25	953.25	953.25	-
Oct 20, 2020	951.25	951.25	951.25	951.25	951.25	-
Oct 19, 2020	945.50	945.50	945.50	945.50	945.50	-
Oct 16, 2020	944.75	944.75	944.75	944.75	944.75	-
Oct 15, 2020	945.50	945.50	945.50	945.50	945.50	-
Oct 14, 2020	947.50	947.50	947.50	947.50	947.50	-
Oct 13, 2020	947.75	947.75	947.75	947.75	947.75	-
Oct 12, 2020	943.25	943.25	943.25	943.25	943.25	-
Oct 09, 2020	946.50	946.50	946.50	946.50	946.50	4
Oct 08, 2020	931.25	931.25	931.25	931.25	931.25	5
Oct 07, 2020	935.00	935.00	935.00	935.00	935.00	5
Oct 06, 2020	940.25	940.25	940.25	940.25	940.25	-
Oct 05, 2020	939.75	939.75	939.75	939.75	939.75	-
Oct 02, 2020	937.50	937.50	937.50	937.50	937.50	-
Oct 01, 2020	938.00	938.00	938.00	938.00	938.00	-
Sep 30, 2020	939.75	939.75	939.75	939.75	939.75	-
Sep 29, 2020	927.00	927.00	927.00	927.00	927.00	-
Sep 28, 2020	925.50	925.50	925.50	925.50	925.50	-
Sep 25, 2020	930.00	930.00	930.00	930.00	930.00	1
Sep 24, 2020	932.00	932.00	932.00	932.00	932.00	-
Sep 23, 2020	933.75	933.75	933.75	933.75	933.75	-
Sep 22, 2020	933.25	933.25	933.25	933.25	933.25	-
Sep 21, 2020	940.25	940.25	940.25	940.25	940.25	-
Sep 18, 2020	950.25	950.25	950.25	950.25	950.25	-
Sep 17, 2020	950.25	950.25	950.25	950.25	950.25	-
Sep 16, 2020	949.50	949.50	949.50	949.50	949.50	-
Sep 15, 2020	945.75	945.75	945.75	945.75	945.75	-
Sep 14, 2020	943.75	943.75	943.75	943.75	943.75	-
Sep 11, 2020	935.25	935.25	935.25	935.25	935.25	-
Sep 10, 2020	937.25	937.25	937.25	937.25	937.25	-
Sep 09, 2020	940.25	940.25	940.25	940.25	940.25	-
Sep 08, 2020	939.25	939.25	939.25	939.25	939.25	-
Sep 04, 2020	937.00	937.00	937.00	937.00	937.00	-
Sep 03, 2020	935.50	935.50	935.50	935.50	935.50	-
Sep 02, 2020	940.50	940.50	940.50	940.50	940.50	-
Sep 01, 2020	932.00	932.00	932.00	932.00	932.00	-
Aug 31, 2020	927.25	927.25	927.25	927.25	927.25	-
Aug 28, 2020	921.50	921.50	921.50	921.50	921.50	-
Aug 27, 2020	914.25	914.25	914.25	914.25	914.25	1
Aug 26, 2020	909.75	909.75	909.75	909.75	909.75	-
Aug 25, 2020	914.00	914.00	914.00	914.00	914.00	-
Aug 24, 2020	905.25	905.25	905.25	905.25	905.25	-
Aug 21, 2020	902.25	902.25	902.25	902.25	902.25	-
Aug 20, 2020	901.25	901.25	901.25	901.25	901.25	-
Aug 19, 2020	905.00	905.00	905.00	905.00	905.00	-
Aug 18, 2020	907.75	907.75	907.75	907.75	907.75	-
Aug 17, 2020	907.75	907.75	907.75	907.75	907.75	-
Aug 14, 2020	899.00	899.00	899.00	899.00	899.00	-
Aug 13, 2020	902.50	902.50	902.50	902.50	902.50	-
Aug 12, 2020	892.50	892.50	892.50	892.50	892.50	-
Aug 11, 2020	887.25	887.25	887.25	887.25	887.25	-
Aug 10, 2020	890.00	890.00	890.00	890.00	890.00	-
Aug 07, 2020	886.25	886.25	886.25	886.25	886.25	-
Aug 06, 2020	896.75	896.75	896.75	896.75	896.75	-
Aug 05, 2020	897.25	897.25	897.25	897.25	897.25	-
Aug 04, 2020	895.75	895.75	895.75	895.75	895.75	-
Aug 03, 2020	900.00	900.00	900.00	900.00	900.00	-
Jul 31, 2020	897.75	897.75	897.75	897.75	897.75	-
Jul 30, 2020	895.50	895.50	895.50	895.50	895.50	-
Jul 29, 2020	894.00	894.00	894.00	894.00	894.00	-
Jul 28, 2020	891.75	891.75	891.75	891.75	891.75	-
Jul 27, 2020	900.50	900.50	900.50	900.50	900.50	-
Jul 24, 2020	897.75	897.75	897.75	897.75	897.75	-
Jul 23, 2020	897.25	897.25	897.25	897.25	897.25	-
Jul 22, 2020	898.75	898.75	898.75	898.75	898.75	-
Jul 21, 2020	897.00	897.00	897.00	897.00	897.00	-
Jul 20, 2020	897.75	897.75	897.75	897.75	897.75	-
Jul 17, 2020	895.50	895.50	895.50	895.50	895.50	-
Jul 16, 2020	893.25	893.25	893.25	893.25	893.25	-
Jul 15, 2020	889.25	889.25	889.25	889.25	889.25	-
Jul 14, 2020	886.00	886.00	886.00	886.00	886.00	-
Jul 13, 2020	885.75	885.75	885.75	885.75	885.75	-
Jul 10, 2020	891.50	891.50	891.50	891.50	891.50	-
Jul 09, 2020	903.00	903.00	903.00	903.00	903.00	-
Jul 08, 2020	901.25	901.25	901.25	901.25	901.25	-
Jul 07, 2020	900.25	900.25	900.25	900.25	900.25	-
Jul 06, 2020	900.50	900.50	900.50	900.50	900.50	-
Jul 02, 2020	894.00	894.00	894.00	894.00	894.00	-
Jul 01, 2020	893.25	893.25	893.25	893.25	893.25	-
Jun 30, 2020	874.25	874.25	874.25	874.25	874.25	-
Jun 29, 2020	873.75	873.75	873.75	873.75	873.75	-
Jun 26, 2020	867.50	867.50	867.50	867.50	867.50	-
Jun 25, 2020	877.00	877.00	877.00	877.00	877.00	-
Jun 24, 2020	882.00	882.00	882.00	882.00	882.00	-
Jun 23, 2020	885.50	885.50	885.50	885.50	885.50	-
Jun 22, 2020	885.00	885.00	885.00	885.00	885.00	-
Jun 19, 2020	885.75	885.75	885.75	885.75	885.75	-
Jun 18, 2020	882.00	882.00	882.00	882.00	882.00	-
Jun 17, 2020	883.75	883.75	883.75	883.75	883.75	-
Jun 16, 2020	879.25	879.25	879.25	879.25	879.25	-
Jun 15, 2020	879.25	879.25	879.25	879.25	879.25	-
Jun 12, 2020	880.75	880.75	880.75	880.75	880.75	-
Jun 11, 2020	881.25	881.25	881.25	881.25	881.25	-
Jun 10, 2020	885.00	885.00	885.00	885.00	885.00	-
Jun 09, 2020	887.25	887.25	887.25	887.25	887.25	-
Jun 08, 2020	894.25	894.25	894.25	894.25	894.25	-
Jun 05, 2020	891.25	891.25	891.25	891.25	891.25	-
Jun 04, 2020	891.75	891.75	891.75	891.75	891.75	-
Jun 03, 2020	877.00	877.00	877.00	877.00	877.00	-
Jun 02, 2020	873.50	873.50	873.50	873.50	873.50	-
Jun 01, 2020	869.25	869.25	869.25	869.25	869.25	-
May 29, 2020	869.25	869.25	869.25	869.25	869.25	-
May 28, 2020	870.75	870.75	870.75	870.75	870.75	-
May 27, 2020	871.00	871.00	871.00	871.00	871.00	-
May 26, 2020	868.25	868.25	868.25	868.25	868.25	-
May 22, 2020	861.50	861.50	861.50	861.50	861.50	-
May 21, 2020	860.50	860.50	860.50	860.50	860.50	-
May 20, 2020	861.25	861.25	861.25	861.25	861.25	-
May 19, 2020	860.25	860.25	860.25	860.25	860.25	-
May 18, 2020	858.75	858.75	858.75	858.75	858.75	-
May 15, 2020	851.00	851.00	851.00	851.00	851.00	-
May 14, 2020	848.75	848.75	848.75	848.75	848.75	-
May 13, 2020	849.75	849.75	849.75	849.75	849.75	-
May 12, 2020	855.25	855.25	855.25	855.25	855.25	-
May 11, 2020	855.25	855.25	855.25	855.25	855.25	-
May 08, 2020	853.00	853.00	853.00	853.00	853.00	-
May 07, 2020	846.00	846.00	846.00	846.00	846.00	-
May 06, 2020	845.50	845.50	845.50	845.50	845.50	-
May 05, 2020	854.25	854.25	854.25	854.25	854.25	-
May 04, 2020	860.25	860.25	860.25	860.25	860.25	-
May 01, 2020	864.25	864.25	864.25	864.25	864.25	-
Apr 30, 2020	862.25	862.25	862.25	862.25	862.25	-
Apr 29, 2020	856.75	856.75	856.75	856.75	856.75	-
Apr 28, 2020	848.75	848.75	848.75	848.75	848.75	-
Apr 27, 2020	842.25	842.25	842.25	842.25	842.25	-
Apr 24, 2020	850.00	850.00	844.50	844.50	844.50	7
Apr 23, 2020	855.00	855.00	855.00	855.00	855.00	-
Apr 22, 2020	856.25	856.25	856.25	856.25	856.25	-
Apr 21, 2020	866.50	866.50	866.50	866.50	866.50	-
Apr 20, 2020	861.25	861.25	861.25	861.25	861.25	-
Apr 17, 2020	862.25	862.25	862.25	862.25	862.25	-
Apr 16, 2020	865.00	865.00	865.00	865.00	865.00	-
Apr 15, 2020	868.00	868.00	868.00	868.00	868.00	-
Apr 14, 2020	877.25	877.25	877.25	877.25	877.25	-
Apr 13, 2020	881.75	881.75	881.75	881.75	881.75	-
Apr 09, 2020	884.75	884.75	884.75	884.75	884.75	-
Apr 08, 2020	877.75	877.75	877.75	877.75	877.75	-
Apr 07, 2020	870.25	870.25	870.25	870.25	870.25	-
Apr 06, 2020	865.50	865.50	865.50	865.50	865.50	-
Apr 03, 2020	861.50	861.50	861.50	861.50	861.50	-
Apr 02, 2020	863.75	863.75	863.75	863.75	863.75	-
Apr 01, 2020	859.50	859.50	859.50	859.50	859.50	-
Mar 31, 2020	865.50	865.50	865.50	865.50	865.50	-
Mar 30, 2020	866.75	866.75	866.75	866.75	866.75	-
Mar 27, 2020	874.50	874.50	874.50	874.50	874.50	-
Mar 26, 2020	882.00	882.00	882.00	882.00	882.00	-
Mar 25, 2020	877.50	877.50	877.50	877.50	877.50	-
Mar 24, 2020	872.00	872.00	872.00	872.00	872.00	-
Mar 23, 2020	871.25	871.25	871.25	871.25	871.25	-
Mar 20, 2020	873.75	873.75	873.75	873.75	873.75	-
Mar 19, 2020	867.25	867.25	867.25	867.25	867.25	-
Mar 18, 2020	871.50	871.50	871.50	871.50	871.50	-
Mar 17, 2020	872.00	872.00	872.00	872.00	872.00	-
Mar 16, 2020	877.25	877.25	877.25	877.25	877.25	-
Mar 13, 2020	895.00	895.00	892.50	892.50	892.50	8
Mar 12, 2020	896.25	896.25	896.25	896.25	896.25	-
Mar 11, 2020	905.75	905.75	905.75	905.75	905.75	-
Mar 10, 2020	909.00	909.00	909.00	909.00	909.00	-
Mar 09, 2020	910.00	910.00	904.75	904.75	904.75	15
Mar 06, 2020	916.50	916.50	916.50	916.50	916.50	-
Mar 05, 2020	913.50	913.50	913.50	913.50	913.50	-
Mar 04, 2020	924.00	924.00	924.00	924.00	924.00	-
Mar 03, 2020	930.00	930.00	930.00	930.00	930.00	-
Mar 02, 2020	930.75	930.75	930.75	930.75	930.75	-
Feb 28, 2020	923.50	923.50	923.50	923.50	923.50	-
Feb 27, 2020	928.50	928.50	928.50	928.50	928.50	-
Feb 26, 2020	930.00	930.00	930.00	930.00	930.00	-
Feb 25, 2020	929.75	929.75	929.75	929.75	929.75	-
Feb 24, 2020	925.75	925.75	925.75	925.75	925.75	-
Feb 21, 2020	931.25	931.25	931.25	931.25	931.25	-
Feb 20, 2020	934.25	934.25	934.25	934.25	934.25	-
Feb 19, 2020	941.75	941.75	941.75	941.75	941.75	-
Feb 18, 2020	941.00	941.00	941.00	941.00	941.00	10
Feb 14, 2020	942.75	942.75	942.75	942.75	942.75	10
Feb 13, 2020	940.50	940.50	940.50	940.50	940.50	-
Feb 12, 2020	937.25	937.25	937.25	937.25	937.25	-
Feb 11, 2020	940.50	940.50	940.50	940.50	940.50	-
Feb 10, 2020	939.75	939.75	939.75	939.75	939.75	-
Feb 07, 2020	939.75	939.75	939.75	939.75	939.75	-
Feb 06, 2020	944.25	944.25	944.25	944.25	944.25	-
Feb 05, 2020	945.50	945.50	945.50	945.50	945.50	-
Feb 04, 2020	944.50	944.50	944.50	944.50	944.50	-
Feb 03, 2020	941.25	941.25	941.25	941.25	941.25	-
Jan 31, 2020	939.75	939.75	939.75	939.75	939.75	-
Jan 30, 2020	942.25	942.25	942.25	942.25	942.25	-
Jan 29, 2020	947.25	947.25	947.25	947.25	947.25	-
Jan 28, 2020	949.00	949.00	949.00	949.00	949.00	-
Jan 27, 2020	951.00	951.00	951.00	951.00	951.00	-
Jan 24, 2020	949.25	949.25	949.25	949.25	949.25	-
Jan 23, 2020	948.25	948.25	948.25	948.25	948.25	-
Jan 22, 2020	945.75	945.75	945.75	945.75	945.75	-
Jan 21, 2020	946.25	946.25	946.25	946.25	946.25	-
Jan 17, 2020	952.25	952.25	952.25	952.25	952.25	-
Jan 16, 2020	950.00	950.00	950.00	950.00	950.00	-
Jan 15, 2020	948.75	948.75	948.75	948.75	948.75	-
Jan 14, 2020	957.50	957.50	957.50	957.50	957.50	-
Jan 13, 2020	958.00	958.00	958.00	958.00	958.00	-
Jan 10, 2020	963.25	963.25	963.25	963.25	963.25	-
Jan 09, 2020	962.75	962.75	962.75	962.75	962.75	-
Jan 08, 2020	967.25	967.25	967.25	967.25	967.25	-
Jan 07, 2020	966.75	966.75	966.75	966.75	966.75	-
Jan 06, 2020	964.25	964.25	964.25	964.25	964.25	-
Jan 03, 2020	961.25	961.25	961.25	961.25	961.25	-
Jan 02, 2020	965.00	965.00	965.00	965.00	965.00	-