Mar 22, 2022	1,341.75	1,341.75	1,341.75	1,341.75	1,341.75	25
Mar 21, 2022	1,335.00	1,335.00	1,335.00	1,335.00	1,335.00	1
Mar 18, 2022	1,315.00	1,315.00	1,315.00	1,315.00	1,315.00	32
Mar 17, 2022	1,301.25	1,301.25	1,301.25	1,301.25	1,301.25	-
Mar 16, 2022	1,293.00	1,293.00	1,293.00	1,293.00	1,293.00	1
Mar 15, 2022	1,303.50	1,303.50	1,301.75	1,301.75	1,301.75	6
Mar 14, 2022	1,308.75	1,308.75	1,308.75	1,308.75	1,308.75	28
Mar 11, 2022	1,315.75	1,315.75	1,315.75	1,315.75	1,315.75	-
Mar 10, 2022	1,314.75	1,314.75	1,314.75	1,314.75	1,314.75	-
Mar 09, 2022	1,299.00	1,299.00	1,299.00	1,299.00	1,299.00	-
Mar 08, 2022	1,287.00	1,287.00	1,287.00	1,287.00	1,287.00	-
Mar 07, 2022	1,288.50	1,288.50	1,288.50	1,288.50	1,288.50	4
Mar 04, 2022	1,303.00	1,303.00	1,303.00	1,303.00	1,303.00	3
Mar 03, 2022	1,310.75	1,310.75	1,310.75	1,310.75	1,310.75	-
Mar 02, 2022	1,322.00	1,322.00	1,322.00	1,322.00	1,322.00	-
Mar 01, 2022	1,344.75	1,344.75	1,344.75	1,344.75	1,344.75	1
Feb 28, 2022	1,306.25	1,306.25	1,306.25	1,306.25	1,306.25	1
Feb 25, 2022	1,285.75	1,285.75	1,285.75	1,285.75	1,285.75	-
Feb 24, 2022	1,305.00	1,305.00	1,305.00	1,305.00	1,305.00	-
Feb 23, 2022	1,322.50	1,330.50	1,322.50	1,330.50	1,330.50	95
Feb 22, 2022	1,312.00	1,325.75	1,312.00	1,325.75	1,325.75	1
Feb 18, 2022	1,310.50	1,311.50	1,310.50	1,311.50	1,311.50	-
Feb 17, 2022	1,305.00	1,305.00	1,305.00	1,305.00	1,305.00	-
Feb 16, 2022	1,306.75	1,306.75	1,306.75	1,306.75	1,306.75	1
Feb 15, 2022	1,291.00	1,296.50	1,291.00	1,296.50	1,296.50	1
Feb 14, 2022	1,295.75	1,295.75	1,295.75	1,295.75	1,295.75	-
Feb 11, 2022	1,291.25	1,291.25	1,291.25	1,291.25	1,291.25	-
Feb 10, 2022	1,281.00	1,281.00	1,281.00	1,281.00	1,281.00	-
Feb 09, 2022	1,290.00	1,294.75	1,290.00	1,294.75	1,294.75	-
Feb 08, 2022	1,280.00	1,280.00	1,280.00	1,280.00	1,280.00	-
Feb 07, 2022	1,276.50	1,276.50	1,276.50	1,276.50	1,276.50	-
Feb 04, 2022	1,262.50	1,262.50	1,262.50	1,262.50	1,262.50	-
Feb 03, 2022	1,264.25	1,264.25	1,264.25	1,264.25	1,264.25	-
Feb 02, 2022	1,264.00	1,264.00	1,264.00	1,264.00	1,264.00	-
Feb 01, 2022	1,273.00	1,273.00	1,273.00	1,273.00	1,273.00	-
Jan 31, 2022	1,257.75	1,257.75	1,257.75	1,257.75	1,257.75	-
Jan 28, 2022	1,256.00	1,256.00	1,256.00	1,256.00	1,256.00	2
Jan 27, 2022	1,261.00	1,261.00	1,260.00	1,260.00	1,260.00	2
Jan 26, 2022	1,261.75	1,261.75	1,261.75	1,261.75	1,261.75	-
Jan 25, 2022	1,256.50	1,256.50	1,256.50	1,256.50	1,256.50	-
Jan 24, 2022	1,243.00	1,243.00	1,243.00	1,243.00	1,243.00	-
Jan 21, 2022	1,251.00	1,251.00	1,251.00	1,251.00	1,251.00	-
Jan 20, 2022	1,262.50	1,262.50	1,262.50	1,262.50	1,262.50	-
Jan 19, 2022	1,253.25	1,253.25	1,253.25	1,253.25	1,253.25	-
Jan 18, 2022	1,233.25	1,233.25	1,233.25	1,233.25	1,233.25	-
Jan 14, 2022	1,239.75	1,239.75	1,239.75	1,239.75	1,239.75	-
Jan 13, 2022	1,250.50	1,250.50	1,250.50	1,250.50	1,250.50	-
Jan 12, 2022	1,247.00	1,247.00	1,247.00	1,247.00	1,247.00	1
Jan 11, 2022	1,230.75	1,233.75	1,230.75	1,233.75	1,233.75	-
Jan 10, 2022	1,233.75	1,233.75	1,233.75	1,233.75	1,233.75	-
Jan 07, 2022	1,238.25	1,238.25	1,238.25	1,238.25	1,238.25	-
Jan 06, 2022	1,226.50	1,226.50	1,226.50	1,226.50	1,226.50	-
Jan 05, 2022	1,211.75	1,211.75	1,211.75	1,211.75	1,211.75	-
Jan 04, 2022	1,209.50	1,209.50	1,209.50	1,209.50	1,209.50	-
Jan 03, 2022	1,207.25	1,207.25	1,207.25	1,207.25	1,207.25	-
Dec 31, 2021	1,198.75	1,198.75	1,198.75	1,198.75	1,198.75	-
Dec 30, 2021	1,195.00	1,195.00	1,195.00	1,195.00	1,195.00	-
Dec 29, 2021	1,200.00	1,200.00	1,200.00	1,200.00	1,200.00	-
Dec 28, 2021	1,194.00	1,194.00	1,194.00	1,194.00	1,194.00	-
Dec 27, 2021	1,197.50	1,197.50	1,197.50	1,197.50	1,197.50	-
Dec 23, 2021	1,195.25	1,195.25	1,190.25	1,190.25	1,190.25	1
Dec 22, 2021	1,196.25	1,196.25	1,196.25	1,196.25	1,196.25	1
Dec 21, 2021	1,187.50	1,187.50	1,187.50	1,187.50	1,187.50	-
Dec 20, 2021	1,188.00	1,188.00	1,188.00	1,188.00	1,188.00	-
Dec 17, 2021	1,186.00	1,186.00	1,186.00	1,186.00	1,186.00	-
Dec 16, 2021	1,186.00	1,186.00	1,186.00	1,186.00	1,186.00	-
Dec 15, 2021	1,181.00	1,181.00	1,181.00	1,181.00	1,181.00	-
Dec 14, 2021	1,185.50	1,185.50	1,185.50	1,185.50	1,185.50	-
Dec 13, 2021	1,176.50	1,176.50	1,176.50	1,176.50	1,176.50	-
Dec 10, 2021	1,188.75	1,188.75	1,188.75	1,188.75	1,188.75	-
Dec 09, 2021	1,188.25	1,188.25	1,188.25	1,188.25	1,188.25	-
Dec 08, 2021	1,184.75	1,184.75	1,184.75	1,184.75	1,184.75	-
Dec 07, 2021	1,175.25	1,175.25	1,175.25	1,175.25	1,175.25	-
Dec 06, 2021	1,171.50	1,171.50	1,171.50	1,171.50	1,171.50	-
Dec 03, 2021	1,171.50	1,171.50	1,171.50	1,171.50	1,171.50	-
Dec 02, 2021	1,165.75	1,165.75	1,165.75	1,165.75	1,165.75	-
Dec 01, 2021	1,162.50	1,162.50	1,162.50	1,162.50	1,162.50	-
Nov 30, 2021	1,161.25	1,161.25	1,161.25	1,161.25	1,161.25	-
Nov 29, 2021	1,172.00	1,172.00	1,172.00	1,172.00	1,172.00	-
Nov 26, 2021	1,181.25	1,181.25	1,181.25	1,181.25	1,181.25	-
Nov 25, 2021	-	-	-	-	-	-
Nov 24, 2021	1,185.75	1,185.75	1,185.75	1,185.75	1,185.75	-
Nov 23, 2021	1,188.25	1,188.25	1,188.25	1,188.25	1,188.25	-
Nov 22, 2021	1,191.00	1,191.00	1,191.00	1,191.00	1,191.00	-
Nov 19, 2021	1,186.50	1,186.50	1,186.50	1,186.50	1,186.50	-
Nov 18, 2021	1,182.25	1,182.25	1,182.25	1,182.25	1,182.25	-
Nov 17, 2021	1,197.50	1,197.50	1,197.50	1,197.50	1,197.50	-
Nov 16, 2021	1,193.75	1,193.75	1,193.75	1,193.75	1,193.75	-
Nov 15, 2021	1,196.50	1,196.50	1,196.50	1,196.50	1,196.50	-