Mar 22, 2022	1,673.00	1,700.00	1,667.25	1,678.75	1,678.75	40,231
Mar 21, 2022	1,650.00	1,689.75	1,645.75	1,672.25	1,672.25	33,887
Mar 18, 2022	1,647.50	1,667.00	1,632.75	1,645.75	1,645.75	32,132
Mar 17, 2022	1,625.50	1,652.25	1,624.50	1,647.25	1,647.25	28,153
Mar 16, 2022	1,637.25	1,656.25	1,622.25	1,626.00	1,626.00	26,542
Mar 15, 2022	1,649.75	1,650.00	1,616.00	1,635.75	1,635.75	27,205
Mar 14, 2022	1,665.00	1,670.00	1,641.00	1,646.75	1,646.75	25,676
Mar 11, 2022	1,661.75	1,667.50	1,636.75	1,651.25	1,651.25	37,505
Mar 10, 2022	1,645.00	1,673.75	1,634.25	1,659.50	1,659.50	41,491
Mar 09, 2022	1,655.00	1,689.50	1,639.75	1,643.25	1,643.25	40,735
Mar 08, 2022	1,633.50	1,668.00	1,623.25	1,655.75	1,655.75	43,941
Mar 07, 2022	1,656.25	1,669.00	1,622.50	1,634.00	1,634.00	39,799
Mar 04, 2022	1,640.00	1,655.50	1,607.50	1,633.00	1,633.00	49,968
Mar 03, 2022	1,641.00	1,664.25	1,629.75	1,632.75	1,632.75	40,129
Mar 02, 2022	1,665.00	1,668.75	1,623.00	1,634.00	1,634.00	38,411
Mar 01, 2022	1,621.25	1,672.25	1,621.00	1,662.75	1,662.75	45,291
Feb 28, 2022	1,615.25	1,639.00	1,599.75	1,616.50	1,616.50	45,291
Feb 25, 2022	1,637.00	1,657.50	1,568.75	1,573.25	1,573.25	87,162
Feb 24, 2022	1,659.00	1,741.00	1,632.00	1,636.75	1,636.75	87,162
Feb 23, 2022	1,631.75	1,665.25	1,631.00	1,660.00	1,660.00	61,854
Feb 22, 2022	1,607.50	1,637.00	1,601.00	1,630.25	1,630.25	36,939
Feb 18, 2022	1,589.25	1,608.00	1,587.25	1,601.00	1,601.00	29,437
Feb 17, 2022	1,586.50	1,605.75	1,576.50	1,593.50	1,593.50	29,437
Feb 16, 2022	1,555.25	1,591.25	1,550.50	1,589.00	1,589.00	33,736
Feb 15, 2022	1,570.50	1,578.50	1,545.50	1,555.25	1,555.25	33,838
Feb 14, 2022	1,583.75	1,597.25	1,551.75	1,572.00	1,572.00	29,244
Feb 11, 2022	1,570.00	1,591.25	1,561.00	1,581.00	1,581.00	59,193
Feb 10, 2022	1,589.25	1,629.50	1,562.50	1,571.25	1,571.25	59,193
Feb 09, 2022	1,569.50	1,593.00	1,565.50	1,590.25	1,590.25	27,439
Feb 08, 2022	1,582.00	1,584.00	1,559.50	1,568.50	1,568.50	27,439
Feb 07, 2022	1,567.25	1,586.50	1,562.50	1,580.00	1,580.00	33,736
Feb 04, 2022	1,542.00	1,557.00	1,532.00	1,553.50	1,553.50	35,859
Feb 03, 2022	1,541.25	1,554.25	1,525.75	1,542.00	1,542.00	35,859
Feb 02, 2022	1,527.00	1,558.25	1,525.50	1,542.75	1,542.75	42,639
Feb 01, 2022	1,492.50	1,536.75	1,487.50	1,528.00	1,528.00	25,811
Jan 31, 2022	1,477.50	1,498.25	1,477.00	1,492.50	1,492.50	44,774
Jan 28, 2022	1,452.00	1,481.75	1,444.25	1,473.50	1,473.50	47,069
Jan 27, 2022	1,445.25	1,461.00	1,439.00	1,453.50	1,453.50	47,069
Jan 26, 2022	1,417.00	1,453.50	1,406.75	1,450.50	1,450.50	30,618
Jan 25, 2022	1,416.50	1,425.00	1,405.75	1,420.25	1,420.25	24,705
Jan 24, 2022	1,430.25	1,435.50	1,393.75	1,414.00	1,414.00	24,705
Jan 21, 2022	1,432.75	1,438.50	1,418.25	1,427.25	1,427.25	38,300
Jan 20, 2022	1,403.50	1,444.50	1,403.00	1,438.75	1,438.75	38,300
Jan 19, 2022	1,378.50	1,407.75	1,378.50	1,406.50	1,406.50	21,863
Jan 18, 2022	1,375.75	1,383.75	1,365.75	1,377.00	1,377.00	21,047
Jan 14, 2022	1,394.00	1,397.00	1,380.75	1,386.00	1,386.00	21,047
Jan 13, 2022	1,413.50	1,413.75	1,386.75	1,394.75	1,394.75	28,276
Jan 12, 2022	1,398.75	1,414.00	1,381.00	1,413.75	1,413.75	28,688
Jan 11, 2022	1,401.00	1,408.25	1,387.00	1,401.00	1,401.00	31,193
Jan 10, 2022	1,418.25	1,421.75	1,392.00	1,399.25	1,399.25	31,498
Jan 07, 2022	1,400.75	1,426.75	1,389.75	1,423.25	1,423.25	25,323
Jan 06, 2022	1,403.75	1,405.50	1,382.75	1,400.75	1,400.75	25,323
Jan 05, 2022	1,400.75	1,410.50	1,394.00	1,407.00	1,407.00	27,907
Jan 04, 2022	1,371.00	1,403.50	1,371.00	1,401.75	1,401.75	14,119
Jan 03, 2022	1,364.00	1,383.50	1,357.50	1,371.25	1,371.25	14,119
Dec 31, 2021	1,353.75	1,363.00	1,351.50	1,355.00	1,355.00	14,157
Dec 30, 2021	1,380.50	1,382.75	1,349.75	1,353.50	1,353.50	14,157
Dec 29, 2021	1,377.75	1,383.00	1,367.75	1,382.00	1,382.00	13,169
Dec 28, 2021	1,379.50	1,393.00	1,373.00	1,379.50	1,379.50	18,998
Dec 27, 2021	1,356.75	1,383.00	1,354.50	1,381.75	1,381.75	18,998
Dec 23, 2021	1,342.75	1,353.25	1,338.00	1,352.00	1,352.00	19,357
Dec 22, 2021	1,322.50	1,349.00	1,321.50	1,345.25	1,345.25	19,357
Dec 21, 2021	1,305.75	1,328.50	1,301.00	1,324.00	1,324.00	11,792
Dec 20, 2021	1,301.75	1,308.75	1,292.50	1,306.00	1,306.00	11,792
Dec 17, 2021	1,289.00	1,308.50	1,287.75	1,299.25	1,299.25	14,388
Dec 16, 2021	1,278.75	1,294.50	1,278.00	1,290.25	1,290.25	14,083
Dec 15, 2021	1,279.50	1,284.50	1,269.00	1,279.75	1,279.75	12,420
Dec 14, 2021	1,267.00	1,286.25	1,259.75	1,279.50	1,279.50	12,960
Dec 13, 2021	1,289.50	1,290.75	1,265.50	1,266.00	1,266.00	14,392
Dec 10, 2021	1,284.50	1,296.25	1,280.75	1,288.00	1,288.00	16,184
Dec 09, 2021	1,280.25	1,287.00	1,268.00	1,284.75	1,284.75	11,507
Dec 08, 2021	1,273.00	1,285.50	1,261.50	1,282.50	1,282.50	14,423
Dec 07, 2021	1,280.50	1,288.00	1,267.50	1,272.25	1,272.25	8,161
Dec 06, 2021	1,287.50	1,291.00	1,273.50	1,280.50	1,280.50	12,067
Dec 03, 2021	1,263.25	1,287.75	1,263.25	1,284.00	1,284.00	12,067
Dec 02, 2021	1,251.00	1,269.75	1,244.00	1,263.50	1,263.50	14,789
Dec 01, 2021	1,247.00	1,258.25	1,239.25	1,250.00	1,250.00	17,042
Nov 30, 2021	1,267.75	1,270.50	1,239.75	1,242.25	1,242.25	17,042
Nov 29, 2021	1,284.00	1,293.50	1,267.00	1,268.00	1,268.00	8,234
Nov 26, 2021	1,280.00	1,280.00	1,267.25	1,278.75	1,278.75	7,670
Nov 25, 2021	-	-	-	-	-	-
Nov 24, 2021	1,299.50	1,305.75	1,289.25	1,292.25	1,292.25	7,670
Nov 23, 2021	1,300.75	1,306.00	1,289.75	1,299.25	1,299.25	8,744
Nov 22, 2021	1,290.75	1,306.25	1,289.25	1,301.50	1,301.50	8,744
Nov 19, 2021	1,291.50	1,302.50	1,283.50	1,291.25	1,291.25	10,737
Nov 18, 2021	1,301.25	1,311.25	1,288.25	1,291.50	1,291.50	10,737
Nov 17, 2021	1,279.75	1,314.25	1,279.00	1,302.25	1,302.25	20,839
Nov 16, 2021	1,282.75	1,287.00	1,277.00	1,278.75	1,278.75	7,050
Nov 15, 2021	1,270.00	1,285.00	1,267.75	1,284.25	1,284.25	14,147
Nov 12, 2021	1,249.50	1,276.50	1,248.75	1,272.75	1,272.75	9,934
Nov 11, 2021	1,246.75	1,257.00	1,242.25	1,249.75	1,249.75	9,934
Nov 10, 2021	1,242.50	1,252.00	1,238.50	1,247.25	1,247.25	9,942
Nov 09, 2021	1,220.00	1,270.00	1,213.50	1,242.25	1,242.25	16,755
Nov 08, 2021	1,234.00	1,237.50	1,218.50	1,220.50	1,220.50	12,909
Nov 05, 2021	1,251.00	1,254.00	1,233.00	1,235.50	1,235.50	8,697
Nov 04, 2021	1,270.50	1,274.50	1,244.75	1,251.00	1,251.00	7,512
Nov 03, 2021	1,279.00	1,282.50	1,266.25	1,271.50	1,271.50	7,512
Nov 02, 2021	1,270.50	1,283.50	1,266.75	1,281.75	1,281.75	10,119
Nov 01, 2021	1,272.50	1,281.50	1,261.50	1,272.25	1,272.25	10,246
Oct 29, 2021	1,268.00	1,279.75	1,266.25	1,273.50	1,273.50	8,833
Oct 28, 2021	1,272.00	1,282.50	1,264.75	1,270.25	1,270.25	9,598
Oct 27, 2021	1,270.00	1,287.75	1,259.50	1,272.75	1,272.75	6,318
Oct 26, 2021	1,269.00	1,277.50	1,263.50	1,270.50	1,270.50	6,270
Oct 25, 2021	1,251.75	1,270.25	1,250.00	1,269.25	1,269.25	6,270
Oct 22, 2021	1,256.75	1,264.00	1,251.00	1,254.50	1,254.50	6,354
Oct 21, 2021	1,276.50	1,281.25	1,256.25	1,258.75	1,258.75	6,354
Oct 20, 2021	1,258.00	1,282.00	1,256.75	1,278.75	1,278.75	8,358
Oct 19, 2021	1,252.00	1,269.25	1,249.25	1,260.50	1,260.50	8,358
Oct 18, 2021	1,250.50	1,256.75	1,243.25	1,252.25	1,252.25	5,896
Oct 15, 2021	1,238.00	1,253.75	1,236.00	1,250.50	1,250.50	12,525
Oct 14, 2021	1,233.50	1,240.25	1,228.75	1,240.00	1,240.00	12,525
Oct 13, 2021	1,236.25	1,247.00	1,222.75	1,233.00	1,233.00	11,624
Oct 12, 2021	1,262.00	1,267.00	1,233.50	1,236.75	1,236.75	14,816
Oct 11, 2021	1,275.00	1,286.00	1,263.75	1,265.00	1,265.00	8,953
Oct 08, 2021	1,281.00	1,297.00	1,276.50	1,277.50	1,277.50	11,214
Oct 07, 2021	1,277.00	1,283.25	1,269.75	1,281.50	1,281.50	9,902
Oct 06, 2021	1,282.75	1,289.00	1,273.75	1,276.75	1,276.75	8,533
Oct 05, 2021	1,268.50	1,290.00	1,266.25	1,284.75	1,284.75	6,645
Oct 04, 2021	1,272.25	1,278.50	1,265.50	1,270.25	1,270.25	10,176
Oct 01, 2021	1,281.00	1,288.25	1,270.75	1,276.50	1,276.50	14,223
Sep 30, 2021	1,304.25	1,315.50	1,275.25	1,281.75	1,281.75	14,223
Sep 29, 2021	1,300.00	1,309.25	1,296.50	1,305.75	1,305.75	3,741
Sep 28, 2021	1,310.75	1,310.75	1,298.50	1,300.50	1,300.50	4,303
Sep 27, 2021	1,305.00	1,318.25	1,303.25	1,310.75	1,310.75	4,303
Sep 24, 2021	1,305.00	1,309.00	1,299.50	1,305.25	1,305.25	1,951
Sep 23, 2021	1,303.25	1,309.00	1,298.00	1,305.75	1,305.75	1,951
Sep 22, 2021	1,295.00	1,305.00	1,292.75	1,304.00	1,304.00	3,226
Sep 21, 2021	1,287.75	1,297.75	1,282.00	1,297.25	1,297.25	2,986
Sep 20, 2021	1,305.00	1,305.00	1,284.25	1,286.00	1,286.00	3,500
Sep 17, 2021	1,312.00	1,314.00	1,297.00	1,305.00	1,305.00	3,699
Sep 16, 2021	1,314.00	1,325.25	1,311.00	1,314.50	1,314.50	3,699
Sep 15, 2021	1,305.50	1,315.00	1,300.00	1,315.00	1,315.00	4,826
Sep 14, 2021	1,308.00	1,318.75	1,305.25	1,306.75	1,306.75	3,893
Sep 13, 2021	1,312.25	1,315.00	1,301.25	1,308.50	1,308.50	1,943
Sep 10, 2021	1,296.50	1,321.25	1,288.00	1,309.50	1,309.50	7,232
Sep 09, 2021	1,306.00	1,306.00	1,291.75	1,294.50	1,294.50	4,319
Sep 08, 2021	1,304.75	1,314.25	1,299.00	1,305.50	1,305.50	4,465
Sep 07, 2021	1,317.25	1,328.75	1,303.50	1,304.75	1,304.75	4,465
Sep 03, 2021	1,307.00	1,319.25	1,302.75	1,317.25	1,317.25	4,154
Sep 02, 2021	1,304.00	1,310.25	1,297.75	1,307.25	1,307.25	4,547
Sep 01, 2021	1,313.25	1,316.75	1,296.00	1,304.50	1,304.50	6,695
Aug 31, 2021	1,324.50	1,330.00	1,304.25	1,314.25	1,314.25	4,448
Aug 30, 2021	1,334.75	1,344.00	1,314.75	1,322.25	1,322.25	3,410
Aug 27, 2021	1,335.75	1,335.75	1,321.00	1,334.00	1,334.00	2,116
Aug 26, 2021	1,342.75	1,343.25	1,330.75	1,336.50	1,336.50	2,879
Aug 25, 2021	1,342.25	1,350.75	1,332.50	1,344.50	1,344.50	4,293
Aug 24, 2021	1,310.25	1,345.00	1,306.25	1,342.00	1,342.00	4,840
Aug 23, 2021	1,298.75	1,318.00	1,298.75	1,305.50	1,305.50	4,236
Aug 20, 2021	1,324.25	1,336.00	1,287.50	1,300.00	1,300.00	6,516
Aug 19, 2021	1,347.75	1,347.75	1,318.50	1,323.50	1,323.50	3,796
Aug 18, 2021	1,353.25	1,357.75	1,342.50	1,350.00	1,350.00	3,870
Aug 17, 2021	1,361.25	1,368.00	1,349.25	1,354.25	1,354.25	3,328
Aug 16, 2021	1,354.00	1,363.00	1,352.50	1,358.00	1,358.00	3,404
Aug 13, 2021	1,340.25	1,360.75	1,332.00	1,354.00	1,354.00	4,607
Aug 12, 2021	1,339.50	1,368.00	1,327.75	1,341.75	1,341.75	5,226
Aug 11, 2021	1,334.25	1,353.00	1,333.50	1,340.25	1,340.25	2,742
Aug 10, 2021	1,327.00	1,345.25	1,327.00	1,337.75	1,337.75	3,539
Aug 09, 2021	1,340.00	1,346.00	1,326.75	1,330.75	1,330.75	3,120
Aug 06, 2021	1,330.25	1,342.75	1,326.50	1,337.50	1,337.50	2,034
Aug 05, 2021	1,328.50	1,341.75	1,320.00	1,330.50	1,330.50	2,034
Aug 04, 2021	1,326.75	1,332.00	1,320.50	1,329.00	1,329.00	4,181
Aug 03, 2021	1,341.50	1,345.00	1,311.75	1,323.50	1,323.50	4,181
Aug 02, 2021	1,345.25	1,353.50	1,332.00	1,349.25	1,349.25	4,025
Jul 30, 2021	1,364.00	1,364.00	1,336.50	1,344.00	1,344.00	2,850
Jul 29, 2021	1,349.75	1,368.75	1,348.00	1,364.75	1,364.75	1,107
Jul 28, 2021	1,353.00	1,356.75	1,342.00	1,351.25	1,351.25	1,576
Jul 27, 2021	1,354.00	1,372.25	1,345.00	1,348.00	1,348.00	2,377
Jul 26, 2021	1,336.75	1,352.75	1,326.00	1,349.00	1,349.00	2,443
Jul 23, 2021	1,350.00	1,350.00	1,333.00	1,340.75	1,340.75	2,383
Jul 22, 2021	1,364.50	1,366.00	1,326.00	1,344.00	1,344.00	2,486
Jul 21, 2021	1,365.50	1,367.50	1,351.75	1,366.00	1,366.00	1,522
Jul 20, 2021	1,351.25	1,373.00	1,346.50	1,359.50	1,359.50	2,359
Jul 19, 2021	1,384.25	1,387.00	1,347.75	1,348.75	1,348.75	1,740
Jul 16, 2021	1,357.00	1,379.00	1,355.00	1,366.25	1,366.25	3,101
Jul 15, 2021	1,362.00	1,366.50	1,353.50	1,356.75	1,356.75	1,272
Jul 14, 2021	1,333.00	1,363.25	1,331.00	1,362.50	1,362.50	1,800
Jul 13, 2021	1,332.75	1,345.25	1,328.00	1,335.75	1,335.75	1,652
Jul 12, 2021	1,320.00	1,334.25	1,314.25	1,333.25	1,333.25	2,112
Jul 09, 2021	1,301.25	1,315.50	1,297.50	1,314.25	1,314.25	2,403
Jul 08, 2021	1,313.25	1,315.00	1,296.00	1,302.75	1,302.75	3,563
Jul 07, 2021	1,292.25	1,314.00	1,287.50	1,304.75	1,304.75	3,021
Jul 06, 2021	1,341.50	1,341.50	1,271.00	1,282.25	1,282.25	5,868
Jul 02, 2021	1,360.25	1,373.25	1,354.25	1,364.75	1,364.75	1,816
Jul 01, 2021	1,361.75	1,388.25	1,343.00	1,359.75	1,359.75	4,215
Jun 30, 2021	1,301.50	1,379.75	1,281.50	1,363.50	1,363.50	6,702
Jun 29, 2021	1,311.50	1,316.50	1,287.75	1,300.00	1,300.00	1,453
Jun 28, 2021	1,272.75	1,311.50	1,269.00	1,303.50	1,303.50	1,543
Jun 25, 2021	1,293.25	1,297.25	1,257.50	1,266.00	1,266.00	1,811
Jun 24, 2021	1,292.50	1,294.25	1,261.00	1,290.00	1,290.00	2,280
Jun 23, 2021	1,293.50	1,303.75	1,289.00	1,297.50	1,297.50	2,422
Jun 22, 2021	1,319.25	1,319.25	1,289.50	1,294.50	1,294.50	1,623
Jun 21, 2021	1,280.25	1,313.50	1,273.75	1,311.75	1,311.75	2,770
Jun 18, 2021	1,250.00	1,311.50	1,250.00	1,303.50	1,303.50	3,185
Jun 17, 2021	1,321.50	1,325.25	1,233.00	1,244.50	1,244.50	5,313
Jun 16, 2021	1,356.25	1,358.50	1,324.00	1,327.25	1,327.25	2,284
Jun 15, 2021	1,375.75	1,375.75	1,346.75	1,354.50	1,354.50	1,107
Jun 14, 2021	1,399.50	1,399.50	1,364.50	1,372.25	1,372.25	1,941
Jun 11, 2021	1,428.75	1,428.75	1,395.00	1,410.25	1,410.25	1,392
Jun 10, 2021	1,415.75	1,428.25	1,406.50	1,425.75	1,425.75	1,678
Jun 09, 2021	1,426.25	1,429.50	1,401.50	1,416.75	1,416.75	1,720
Jun 08, 2021	1,412.25	1,427.50	1,411.75	1,423.75	1,423.75	1,730
Jun 07, 2021	1,409.75	1,429.00	1,402.75	1,412.00	1,412.00	6,719
Jun 04, 2021	1,384.00	1,398.00	1,384.00	1,394.75	1,394.75	2,054
Jun 03, 2021	1,384.00	1,403.25	1,377.00	1,382.00	1,382.00	1,238
Jun 02, 2021	1,367.50	1,385.50	1,367.50	1,383.50	1,383.50	875
Jun 01, 2021	1,360.25	1,383.75	1,355.00	1,367.50	1,367.50	2,093
May 28, 2021	1,349.50	1,361.00	1,340.75	1,345.50	1,345.50	682
May 27, 2021	1,323.50	1,354.75	1,316.00	1,349.75	1,349.75	2,198
May 26, 2021	1,325.75	1,332.50	1,305.25	1,325.00	1,325.00	1,436
May 25, 2021	1,338.00	1,342.00	1,317.00	1,326.00	1,326.00	1,602
May 24, 2021	1,323.75	1,336.00	1,314.50	1,335.50	1,335.50	1,939
May 21, 2021	1,339.50	1,340.75	1,328.00	1,331.50	1,331.50	1,914
May 20, 2021	1,351.25	1,352.00	1,330.75	1,339.00	1,339.00	1,256
May 19, 2021	1,363.75	1,363.75	1,327.50	1,342.75	1,342.75	1,864
May 18, 2021	1,358.75	1,372.25	1,358.75	1,364.50	1,364.50	1,018
May 17, 2021	1,355.50	1,365.75	1,347.00	1,358.50	1,358.50	835
May 14, 2021	1,349.25	1,369.50	1,348.75	1,361.50	1,361.50	1,503
May 13, 2021	1,373.00	1,373.00	1,320.50	1,349.00	1,349.00	1,503
May 12, 2021	1,390.50	1,395.25	1,371.00	1,378.50	1,378.50	1,071
May 11, 2021	1,365.00	1,384.00	1,360.25	1,378.50	1,378.50	1,071
May 10, 2021	1,360.00	1,372.75	1,359.00	1,367.50	1,367.50	1,005
May 07, 2021	1,361.25	1,388.50	1,361.00	1,374.50	1,374.50	1,851
May 06, 2021	1,354.75	1,375.50	1,349.50	1,361.25	1,361.25	1,855
May 05, 2021	1,329.00	1,347.00	1,327.00	1,346.25	1,346.25	977
May 04, 2021	1,315.25	1,334.50	1,315.25	1,327.00	1,327.00	936
May 03, 2021	1,321.00	1,332.00	1,306.50	1,317.00	1,317.00	905
Apr 30, 2021	1,302.50	1,315.00	1,291.00	1,314.25	1,314.25	1,136
Apr 29, 2021	1,295.00	1,301.00	1,291.00	1,295.75	1,295.75	436
Apr 28, 2021	1,306.50	1,314.75	1,291.25	1,300.00	1,300.00	994
Apr 27, 2021	1,326.00	1,339.75	1,312.50	1,313.00	1,313.00	1,095
Apr 26, 2021	1,309.00	1,326.25	1,301.00	1,324.50	1,324.50	931
Apr 23, 2021	1,292.25	1,304.50	1,286.75	1,300.75	1,300.75	625
Apr 22, 2021	1,280.00	1,300.50	1,276.75	1,296.75	1,296.75	1,161
Apr 21, 2021	1,268.25	1,273.00	1,262.75	1,269.50	1,269.50	1,075
Apr 20, 2021	1,250.00	1,267.50	1,250.00	1,259.75	1,259.75	823
Apr 19, 2021	1,242.00	1,248.50	1,242.00	1,245.25	1,245.25	537
Apr 16, 2021	1,239.00	1,246.25	1,236.75	1,239.25	1,239.25	412
Apr 15, 2021	1,231.25	1,237.25	1,229.75	1,235.50	1,235.50	702
Apr 14, 2021	1,221.00	1,234.75	1,220.25	1,232.25	1,232.25	388
Apr 13, 2021	1,226.25	1,229.50	1,219.25	1,222.00	1,222.00	1,059
Apr 12, 2021	1,227.75	1,227.75	1,210.50	1,219.50	1,219.50	382
Apr 09, 2021	1,236.25	1,236.75	1,226.75	1,229.25	1,229.25	656
Apr 08, 2021	1,232.50	1,237.25	1,230.00	1,235.75	1,235.75	589
Apr 07, 2021	1,233.50	1,235.25	1,230.50	1,233.75	1,233.75	535
Apr 06, 2021	1,232.50	1,240.50	1,232.00	1,235.25	1,235.25	700
Apr 05, 2021	1,233.75	1,238.00	1,229.50	1,232.00	1,232.00	1,908
Apr 01, 2021	1,237.25	1,246.50	1,216.25	1,227.00	1,227.00	1,655
Mar 31, 2021	1,172.00	1,243.25	1,172.00	1,231.50	1,231.50	3,592
Mar 30, 2021	1,184.25	1,184.75	1,171.00	1,173.25	1,173.25	675
Mar 29, 2021	1,190.00	1,192.00	1,186.00	1,189.50	1,189.50	328
Mar 26, 2021	1,189.00	1,195.50	1,186.00	1,189.75	1,189.75	707
Mar 25, 2021	1,198.00	1,198.00	1,188.50	1,191.75	1,191.75	154
Mar 24, 2021	1,197.25	1,203.75	1,197.25	1,201.75	1,201.75	446
Mar 23, 2021	1,188.50	1,200.75	1,188.50	1,195.75	1,195.75	689
Mar 22, 2021	1,189.25	1,191.75	1,181.75	1,187.50	1,187.50	371
Mar 19, 2021	1,189.00	1,199.50	1,189.00	1,192.75	1,192.75	274
Mar 18, 2021	1,207.00	1,207.00	1,185.25	1,187.00	1,187.00	439
Mar 17, 2021	1,222.25	1,222.25	1,209.50	1,212.00	1,212.00	350
Mar 16, 2021	1,219.25	1,223.50	1,217.25	1,223.50	1,223.50	248
Mar 15, 2021	1,217.00	1,226.00	1,214.75	1,222.75	1,222.75	400
Mar 12, 2021	1,211.75	1,222.75	1,210.75	1,222.75	1,222.75	941
Mar 11, 2021	1,200.00	1,223.00	1,200.00	1,218.50	1,218.50	653
Mar 10, 2021	1,224.50	1,224.50	1,199.25	1,207.25	1,207.25	787
Mar 09, 2021	1,208.50	1,222.50	1,208.50	1,222.50	1,222.50	1,026
Mar 08, 2021	1,220.00	1,220.00	1,208.75	1,215.75	1,215.75	460
Mar 05, 2021	1,195.00	1,208.50	1,190.75	1,207.75	1,207.75	309
Mar 04, 2021	1,190.25	1,198.25	1,189.00	1,198.25	1,198.25	490
Mar 03, 2021	1,184.00	1,186.50	1,177.25	1,186.50	1,186.50	300
Mar 02, 2021	1,177.75	1,190.00	1,177.75	1,188.75	1,188.75	374
Mar 01, 2021	1,187.00	1,190.00	1,177.50	1,182.00	1,182.00	867
Feb 26, 2021	1,176.25	1,182.25	1,171.75	1,177.25	1,177.25	426
Feb 25, 2021	1,191.25	1,196.25	1,178.25	1,184.75	1,184.75	770
Feb 24, 2021	1,173.25	1,187.00	1,173.25	1,183.50	1,183.50	269
Feb 23, 2021	1,163.50	1,180.25	1,161.25	1,174.25	1,174.25	874
Feb 22, 2021	1,163.75	1,164.25	1,154.50	1,163.75	1,163.75	522
Feb 19, 2021	1,144.25	1,157.00	1,143.50	1,153.25	1,153.25	409
Feb 18, 2021	1,145.25	1,150.00	1,141.25	1,146.75	1,146.75	1,183
Feb 17, 2021	1,147.75	1,150.25	1,140.75	1,145.00	1,145.00	714
Feb 16, 2021	1,139.00	1,146.00	1,137.25	1,145.50	1,145.50	355
Feb 12, 2021	1,132.50	1,134.25	1,126.00	1,128.50	1,128.50	243
Feb 11, 2021	1,133.25	1,137.50	1,125.75	1,128.00	1,128.00	360
Feb 10, 2021	1,131.50	1,135.25	1,119.75	1,124.00	1,124.00	1,333
Feb 09, 2021	1,134.75	1,139.25	1,126.00	1,138.25	1,138.25	774
Feb 08, 2021	1,113.00	1,132.75	1,113.00	1,129.50	1,129.50	403
Feb 05, 2021	1,114.50	1,120.00	1,112.25	1,113.25	1,113.25	310
Feb 04, 2021	1,106.00	1,113.25	1,106.00	1,111.75	1,111.75	210
Feb 03, 2021	1,095.25	1,106.50	1,090.25	1,104.25	1,104.25	376
Feb 02, 2021	1,103.25	1,106.00	1,094.50	1,100.75	1,100.75	517
Feb 01, 2021	1,093.75	1,103.00	1,089.00	1,103.00	1,103.00	404
Jan 29, 2021	1,087.00	1,094.00	1,081.25	1,090.75	1,090.75	186
Jan 28, 2021	1,095.00	1,103.25	1,080.25	1,080.75	1,080.75	226
Jan 27, 2021	1,106.25	1,112.25	1,096.00	1,098.75	1,098.75	391
Jan 26, 2021	1,088.00	1,106.00	1,081.25	1,103.00	1,103.00	195
Jan 25, 2021	1,062.25	1,091.00	1,062.00	1,087.00	1,087.00	548
Jan 22, 2021	1,106.50	1,106.50	1,063.25	1,068.00	1,068.00	890
Jan 21, 2021	1,113.00	1,121.25	1,111.00	1,112.00	1,112.00	334
Jan 20, 2021	1,120.00	1,124.00	1,113.00	1,113.50	1,113.50	842
Jan 19, 2021	1,134.75	1,138.00	1,129.75	1,131.00	1,131.00	849
Jan 15, 2021	1,134.50	1,139.00	1,132.00	1,139.00	1,139.00	667
Jan 14, 2021	1,115.00	1,138.25	1,115.00	1,132.75	1,132.75	607
Jan 13, 2021	1,120.00	1,122.25	1,115.50	1,116.75	1,116.75	778
Jan 12, 2021	1,114.50	1,124.00	1,105.25	1,115.50	1,115.50	807
Jan 11, 2021	1,131.50	1,132.75	1,110.25	1,114.00	1,114.00	2,274
Jan 08, 2021	1,123.75	1,138.75	1,121.00	1,127.00	1,127.00	1,401
Jan 07, 2021	1,113.75	1,120.00	1,111.25	1,120.00	1,120.00	232
Jan 06, 2021	1,118.50	1,124.50	1,114.00	1,118.50	1,118.50	489
Jan 05, 2021	1,092.75	1,117.75	1,092.75	1,106.00	1,106.00	472
Jan 04, 2021	1,095.75	1,105.75	1,084.00	1,087.25	1,087.25	643
Dec 31, 2020	1,079.50	1,085.50	1,079.50	1,082.50	1,082.50	130
Dec 30, 2020	1,067.75	1,079.00	1,067.50	1,077.50	1,077.50	278
Dec 29, 2020	1,060.25	1,073.75	1,060.25	1,072.25	1,072.25	61
Dec 28, 2020	1,060.75	1,062.75	1,056.00	1,061.75	1,061.75	161
Dec 24, 2020	1,061.75	1,063.50	1,058.00	1,059.75	1,059.75	180
Dec 23, 2020	1,064.50	1,068.75	1,060.75	1,060.75	1,060.75	335
Dec 22, 2020	1,063.25	1,069.50	1,063.25	1,064.75	1,064.75	100
Dec 21, 2020	1,048.50	1,065.50	1,048.00	1,065.50	1,065.50	150
Dec 18, 2020	1,049.25	1,058.25	1,049.25	1,056.25	1,056.25	233
Dec 17, 2020	1,042.75	1,049.25	1,041.25	1,047.50	1,047.50	264
Dec 16, 2020	1,048.50	1,048.50	1,041.50	1,041.50	1,041.50	167
Dec 15, 2020	1,041.50	1,045.75	1,041.50	1,045.50	1,045.50	120
Dec 14, 2020	1,043.75	1,043.75	1,041.00	1,043.75	1,043.75	333
Dec 11, 2020	1,031.75	1,041.00	1,031.75	1,041.00	1,041.00	70
Dec 10, 2020	1,034.75	1,041.75	1,033.25	1,033.25	1,033.25	192
Dec 09, 2020	1,028.50	1,033.75	1,028.00	1,033.75	1,033.75	116
Dec 08, 2020	1,024.75	1,029.25	1,020.50	1,027.25	1,027.25	73
Dec 07, 2020	1,019.50	1,029.50	1,019.50	1,027.50	1,027.50	106
Dec 04, 2020	1,018.75	1,022.75	1,016.75	1,021.25	1,021.25	268
Dec 03, 2020	1,015.25	1,020.75	1,015.25	1,020.75	1,020.75	465
Dec 02, 2020	1,015.25	1,016.25	1,005.75	1,013.00	1,013.00	327
Dec 01, 2020	1,025.00	1,027.00	1,017.00	1,018.00	1,018.00	194
Nov 30, 2020	1,028.25	1,028.25	1,023.00	1,023.00	1,023.00	294
Nov 27, 2020	1,031.00	1,036.50	1,031.00	1,036.50	1,036.50	41
Nov 25, 2020	1,032.25	1,033.50	1,031.00	1,031.00	1,031.00	361
Nov 24, 2020	1,028.00	1,036.00	1,027.25	1,036.00	1,036.00	228
Nov 23, 2020	1,036.25	1,038.50	1,032.25	1,035.50	1,035.50	101
Nov 20, 2020	1,030.75	1,036.00	1,030.75	1,030.75	1,030.75	721
Nov 19, 2020	1,022.50	1,031.25	1,022.00	1,031.00	1,031.00	724
Nov 18, 2020	1,026.25	1,033.75	1,026.25	1,031.00	1,031.00	521
Nov 17, 2020	1,026.50	1,029.25	1,024.50	1,025.75	1,025.75	369
Nov 16, 2020	1,020.00	1,025.00	1,017.50	1,024.50	1,024.50	999
Nov 13, 2020	1,010.25	1,021.50	1,010.25	1,017.75	1,017.75	687
Nov 12, 2020	1,006.50	1,010.75	1,005.75	1,008.00	1,008.00	258
Nov 11, 2020	999.75	1,009.75	996.50	1,009.25	1,009.25	400
Nov 10, 2020	988.00	1,005.25	987.50	998.75	998.75	117
Nov 09, 2020	994.75	996.25	987.75	987.75	987.75	152
Nov 06, 2020	986.75	989.50	986.75	988.75	988.75	473
Nov 05, 2020	980.25	987.50	980.25	986.25	986.25	990
Nov 04, 2020	958.00	974.00	958.00	973.50	973.50	387
Nov 03, 2020	957.00	961.75	957.00	960.25	960.25	132
Nov 02, 2020	949.75	956.00	949.75	954.75	954.75	16
Oct 30, 2020	945.25	951.00	945.25	951.00	951.00	92
Oct 29, 2020	946.00	946.00	943.50	944.75	944.75	62
Oct 28, 2020	948.75	948.75	944.00	944.25	944.25	122
Oct 27, 2020	958.00	959.25	955.75	955.75	955.75	106
Oct 26, 2020	956.75	958.75	956.25	958.75	958.75	15
Oct 23, 2020	958.00	959.50	953.75	959.50	959.50	266
Oct 22, 2020	958.75	962.25	956.75	959.50	959.50	121
Oct 21, 2020	960.00	960.50	957.50	958.75	958.75	84
Oct 20, 2020	952.75	956.50	952.00	956.50	956.50	12
Oct 19, 2020	953.50	953.50	949.75	950.75	950.75	76
Oct 16, 2020	956.00	956.00	948.75	949.75	949.75	98
Oct 15, 2020	945.50	950.75	945.50	950.75	950.75	74
Oct 14, 2020	956.25	956.25	952.75	952.75	952.75	31
Oct 13, 2020	951.50	953.25	949.25	953.25	953.25	67
Oct 12, 2020	947.75	948.25	947.50	947.75	947.75	26
Oct 09, 2020	941.50	952.50	941.50	951.50	951.50	74
Oct 08, 2020	942.50	944.00	936.00	936.50	936.50	244
Oct 07, 2020	947.50	950.75	940.25	940.25	940.25	173
Oct 06, 2020	945.50	950.75	943.25	944.00	944.00	138
Oct 05, 2020	937.75	943.50	937.75	943.50	943.50	44
Oct 02, 2020	940.00	941.75	937.50	940.00	940.00	210
Oct 01, 2020	945.50	947.75	939.50	940.75	940.75	226
Sep 30, 2020	932.50	952.75	931.50	943.75	943.75	65
Sep 29, 2020	926.50	932.00	923.75	930.00	930.00	47
Sep 28, 2020	931.50	931.75	927.50	928.75	928.75	89
Sep 25, 2020	934.75	939.25	933.50	933.50	933.50	98
Sep 24, 2020	934.00	937.50	932.75	935.25	935.25	153
Sep 23, 2020	934.50	942.25	934.50	936.50	936.50	172
Sep 22, 2020	949.25	949.25	934.00	936.00	936.00	152
Sep 21, 2020	956.25	956.25	940.50	943.00	943.00	71
Sep 18, 2020	964.50	964.50	953.25	953.25	953.25	177
Sep 17, 2020	955.50	959.00	951.25	953.00	953.00	57
Sep 16, 2020	950.75	958.75	949.50	951.75	951.75	207
Sep 15, 2020	950.00	950.00	944.50	947.75	947.75	92
Sep 14, 2020	942.00	946.75	941.00	945.75	945.75	71
Sep 11, 2020	944.00	944.75	929.75	937.00	937.00	338
Sep 10, 2020	940.50	941.25	936.50	938.75	938.75	94
Sep 09, 2020	942.50	944.00	940.25	942.25	942.25	60
Sep 08, 2020	941.00	942.00	939.25	941.25	941.25	27
Sep 04, 2020	936.50	939.00	935.75	939.00	939.00	26
Sep 03, 2020	938.25	940.25	936.75	937.50	937.50	102
Sep 02, 2020	933.75	944.00	932.00	942.50	942.50	110
Sep 01, 2020	936.25	936.25	934.00	934.25	934.25	28
Aug 31, 2020	927.50	932.00	926.25	929.50	929.50	147
Aug 28, 2020	921.25	924.00	920.75	923.75	923.75	95
Aug 27, 2020	909.75	922.00	909.75	916.75	916.75	117
Aug 26, 2020	912.25	912.25	910.50	910.50	910.50	41
Aug 25, 2020	912.00	915.00	911.00	915.00	915.00	65
Aug 24, 2020	900.00	910.50	898.25	906.25	906.25	54
Aug 21, 2020	900.50	903.25	900.25	903.25	903.25	31
Aug 20, 2020	901.75	902.25	899.75	902.00	902.00	63
Aug 19, 2020	910.75	911.75	904.75	905.75	905.75	151
Aug 18, 2020	908.75	912.75	906.75	908.50	908.50	72
Aug 17, 2020	910.00	910.75	908.50	908.50	908.50	65
Aug 14, 2020	901.50	902.25	899.00	899.50	899.50	52
Aug 13, 2020	903.25	906.00	902.25	903.25	903.25	55
Aug 12, 2020	890.75	893.25	887.75	893.25	893.25	76
Aug 11, 2020	888.25	890.50	887.75	887.75	887.75	158
Aug 10, 2020	892.25	892.25	890.50	890.75	890.75	52
Aug 07, 2020	894.00	894.25	886.75	886.75	886.75	49
Aug 06, 2020	902.00	902.00	897.25	897.25	897.25	43
Aug 05, 2020	895.75	897.75	895.00	897.75	897.75	34
Aug 04, 2020	896.00	896.00	896.00	896.00	896.00	4
Aug 03, 2020	900.50	900.50	900.50	900.50	900.50	-
Jul 31, 2020	899.00	899.00	898.25	898.25	898.25	5
Jul 30, 2020	895.50	896.00	894.75	896.00	896.00	40
Jul 29, 2020	894.50	894.50	894.50	894.50	894.50	-
Jul 28, 2020	891.75	891.75	891.75	891.75	891.75	-
Jul 27, 2020	900.25	900.25	900.25	900.25	900.25	3
Jul 24, 2020	897.50	897.50	897.50	897.50	897.50	-
Jul 23, 2020	896.75	896.75	896.75	896.75	896.75	4
Jul 22, 2020	897.75	897.75	897.75	897.75	897.75	-
Jul 21, 2020	896.00	896.00	896.00	896.00	896.00	7
Jul 20, 2020	897.50	898.50	896.75	896.75	896.75	7
Jul 17, 2020	897.00	897.00	894.25	894.25	894.25	3
Jul 16, 2020	892.25	892.25	892.25	892.25	892.25	-
Jul 15, 2020	887.25	888.25	886.50	888.25	888.25	4
Jul 14, 2020	888.00	888.00	885.00	885.00	885.00	5
Jul 13, 2020	882.75	884.75	882.75	884.75	884.75	8
Jul 10, 2020	890.50	890.50	890.50	890.50	890.50	-
Jul 09, 2020	903.00	903.00	903.00	903.00	903.00	-
Jul 08, 2020	901.25	901.25	901.25	901.25	901.25	-
Jul 07, 2020	900.00	900.00	900.00	900.00	900.00	-
Jul 06, 2020	900.50	900.50	900.50	900.50	900.50	1
Jul 02, 2020	893.50	893.50	893.50	893.50	893.50	-
Jul 01, 2020	893.25	893.25	893.25	893.25	893.25	-
Jun 30, 2020	874.25	874.25	874.25	874.25	874.25	-
Jun 29, 2020	873.75	873.75	873.75	873.75	873.75	-
Jun 26, 2020	867.25	867.25	867.25	867.25	867.25	-
Jun 25, 2020	876.75	876.75	876.75	876.75	876.75	5
Jun 24, 2020	881.75	881.75	881.75	881.75	881.75	-
Jun 23, 2020	885.50	885.50	885.50	885.50	885.50	-
Jun 22, 2020	885.50	885.50	885.50	885.50	885.50	-
Jun 19, 2020	886.75	886.75	886.75	886.75	886.75	-
Jun 18, 2020	882.75	882.75	882.75	882.75	882.75	-
Jun 17, 2020	884.75	884.75	884.75	884.75	884.75	-
Jun 16, 2020	880.00	880.00	880.00	880.00	880.00	-
Jun 15, 2020	880.00	880.00	880.00	880.00	880.00	-
Jun 12, 2020	881.50	881.50	881.50	881.50	881.50	-
Jun 11, 2020	882.00	882.00	882.00	882.00	882.00	-
Jun 10, 2020	885.75	885.75	885.75	885.75	885.75	-
Jun 09, 2020	888.00	888.00	888.00	888.00	888.00	-
Jun 08, 2020	895.25	895.25	895.25	895.25	895.25	-
Jun 05, 2020	892.00	892.00	892.00	892.00	892.00	9
Jun 04, 2020	892.75	892.75	892.75	892.75	892.75	-
Jun 03, 2020	878.00	878.00	878.00	878.00	878.00	-
Jun 02, 2020	874.50	874.50	874.50	874.50	874.50	1
Jun 01, 2020	870.00	870.00	870.00	870.00	870.00	9
May 29, 2020	870.00	870.00	870.00	870.00	870.00	-
May 28, 2020	871.50	871.50	871.50	871.50	871.50	-
May 27, 2020	872.00	872.00	872.00	872.00	872.00	-
May 26, 2020	869.25	869.25	869.25	869.25	869.25	-
May 22, 2020	862.50	862.50	862.50	862.50	862.50	-
May 21, 2020	861.25	861.25	861.25	861.25	861.25	-
May 20, 2020	862.25	862.25	862.25	862.25	862.25	-
May 19, 2020	861.25	861.25	861.25	861.25	861.25	-
May 18, 2020	859.75	859.75	859.75	859.75	859.75	-
May 15, 2020	852.00	852.00	852.00	852.00	852.00	-
May 14, 2020	849.50	849.50	849.50	849.50	849.50	-
May 13, 2020	850.50	850.50	850.50	850.50	850.50	-
May 12, 2020	856.00	856.00	856.00	856.00	856.00	-
May 11, 2020	856.25	856.25	856.25	856.25	856.25	-
May 08, 2020	853.75	853.75	853.75	853.75	853.75	-
May 07, 2020	847.00	847.00	847.00	847.00	847.00	-
May 06, 2020	846.25	846.25	846.25	846.25	846.25	3
May 05, 2020	855.00	855.00	855.00	855.00	855.00	-
May 04, 2020	861.00	861.00	861.00	861.00	861.00	-
May 01, 2020	865.25	865.25	865.25	865.25	865.25	2
Apr 30, 2020	863.25	863.25	863.25	863.25	863.25	2
Apr 29, 2020	857.75	857.75	857.75	857.75	857.75	-
Apr 28, 2020	849.75	849.75	849.75	849.75	849.75	2
Apr 27, 2020	842.75	842.75	842.75	842.75	842.75	-
Apr 24, 2020	850.00	850.00	845.50	845.50	845.50	51
Apr 23, 2020	856.25	856.25	856.25	856.25	856.25	-
Apr 22, 2020	858.00	858.00	858.00	858.00	858.00	-
Apr 21, 2020	868.00	868.00	868.00	868.00	868.00	-
Apr 20, 2020	862.25	862.25	862.25	862.25	862.25	-
Apr 17, 2020	863.25	863.25	863.25	863.25	863.25	-
Apr 16, 2020	866.00	866.00	866.00	866.00	866.00	-
Apr 15, 2020	869.00	869.00	869.00	869.00	869.00	3
Apr 14, 2020	878.25	878.25	878.25	878.25	878.25	-
Apr 13, 2020	883.00	883.00	883.00	883.00	883.00	-
Apr 09, 2020	886.25	886.25	886.25	886.25	886.25	-
Apr 08, 2020	879.25	879.25	879.25	879.25	879.25	-
Apr 07, 2020	871.75	871.75	871.75	871.75	871.75	-
Apr 06, 2020	867.00	867.00	867.00	867.00	867.00	-
Apr 03, 2020	862.50	862.50	862.50	862.50	862.50	-
Apr 02, 2020	865.00	865.00	865.00	865.00	865.00	-
Apr 01, 2020	860.75	860.75	860.75	860.75	860.75	-
Mar 31, 2020	866.75	866.75	866.75	866.75	866.75	-
Mar 30, 2020	868.00	868.00	868.00	868.00	868.00	-
Mar 27, 2020	875.75	875.75	875.75	875.75	875.75	-
Mar 26, 2020	884.00	884.00	884.00	884.00	884.00	-
Mar 25, 2020	879.50	879.50	879.50	879.50	879.50	-
Mar 24, 2020	874.00	874.00	874.00	874.00	874.00	-
Mar 23, 2020	873.00	873.00	873.00	873.00	873.00	-
Mar 20, 2020	875.75	875.75	875.75	875.75	875.75	-
Mar 19, 2020	867.75	867.75	867.75	867.75	867.75	-
Mar 18, 2020	872.00	872.00	872.00	872.00	872.00	-
Mar 17, 2020	872.50	872.50	872.50	872.50	872.50	-
Mar 16, 2020	877.75	877.75	877.75	877.75	877.75	-
Mar 13, 2020	893.50	893.50	893.50	893.50	893.50	-
Mar 12, 2020	895.00	896.50	895.00	896.50	896.50	13
Mar 11, 2020	906.75	906.75	906.75	906.75	906.75	-
Mar 10, 2020	910.50	910.50	910.50	910.50	910.50	-
Mar 09, 2020	910.00	910.00	904.25	904.25	904.25	16
Mar 06, 2020	919.75	919.75	919.75	919.75	919.75	-
Mar 05, 2020	925.00	925.00	916.75	916.75	916.75	7
Mar 04, 2020	927.25	927.25	927.25	927.25	927.25	-
Mar 03, 2020	933.00	933.00	933.00	933.00	933.00	-
Mar 02, 2020	933.50	933.50	933.50	933.50	933.50	-
Feb 28, 2020	926.25	926.25	926.25	926.25	926.25	-
Feb 27, 2020	928.50	928.50	928.50	928.50	928.50	-
Feb 26, 2020	930.00	930.00	930.00	930.00	930.00	-
Feb 25, 2020	929.75	929.75	929.75	929.75	929.75	-
Feb 24, 2020	925.75	925.75	925.75	925.75	925.75	-
Feb 21, 2020	931.25	931.25	931.25	931.25	931.25	4
Feb 20, 2020	934.25	934.25	934.25	934.25	934.25	-
Feb 19, 2020	941.75	941.75	941.75	941.75	941.75	-
Feb 18, 2020	941.00	941.00	941.00	941.00	941.00	22
Feb 14, 2020	941.00	942.75	941.00	942.75	942.75	3
Feb 13, 2020	940.50	940.50	940.50	940.50	940.50	-
Feb 12, 2020	937.25	937.25	937.25	937.25	937.25	-
Feb 11, 2020	940.50	940.50	940.50	940.50	940.50	-
Feb 10, 2020	939.75	939.75	939.75	939.75	939.75	-
Feb 07, 2020	939.75	939.75	939.75	939.75	939.75	-
Feb 06, 2020	944.25	944.25	944.25	944.25	944.25	-
Feb 05, 2020	946.00	946.00	945.50	945.50	945.50	1
Feb 04, 2020	944.50	944.50	944.50	944.50	944.50	-
Feb 03, 2020	936.75	941.25	936.75	941.25	941.25	1
Jan 31, 2020	943.00	943.00	939.75	939.75	939.75	2
Jan 30, 2020	942.25	942.25	942.25	942.25	942.25	-
Jan 29, 2020	947.25	947.25	947.25	947.25	947.25	-
Jan 28, 2020	949.00	949.00	949.00	949.00	949.00	-
Jan 27, 2020	951.00	951.00	951.00	951.00	951.00	-
Jan 24, 2020	949.25	949.25	949.25	949.25	949.25	-
Jan 23, 2020	948.25	948.25	948.25	948.25	948.25	-
Jan 22, 2020	945.75	945.75	945.75	945.75	945.75	-
Jan 21, 2020	946.25	946.25	946.25	946.25	946.25	-
Jan 17, 2020	952.25	952.25	952.25	952.25	952.25	-
Jan 16, 2020	950.00	950.00	950.00	950.00	950.00	-
Jan 15, 2020	948.75	948.75	948.75	948.75	948.75	-
Jan 14, 2020	957.50	957.50	957.50	957.50	957.50	-
Jan 13, 2020	958.00	958.00	958.00	958.00	958.00	-
Jan 10, 2020	963.25	963.25	963.25	963.25	963.25	-
Jan 09, 2020	962.75	962.75	962.75	962.75	962.75	-
Jan 08, 2020	967.25	967.25	967.25	967.25	967.25	-
Jan 07, 2020	966.75	966.75	966.75	966.75	966.75	-
Jan 06, 2020	964.25	964.25	964.25	964.25	964.25	-
Jan 03, 2020	961.25	961.25	961.25	961.25	961.25	-
Jan 02, 2020	965.00	965.00	965.00	965.00	965.00	-