Feb 28, 2022	1,642.50	1,660.75	1,621.00	1,644.25	1,644.25	4,729
Feb 25, 2022	1,661.50	1,678.50	1,585.50	1,590.25	1,590.25	70,087
Feb 24, 2022	1,676.25	1,765.00	1,656.00	1,661.50	1,661.50	70,087
Feb 23, 2022	1,637.50	1,679.50	1,636.50	1,675.00	1,675.00	98,545
Feb 22, 2022	1,609.00	1,641.25	1,602.25	1,635.00	1,635.00	107,148
Feb 18, 2022	1,590.50	1,608.50	1,587.50	1,601.50	1,601.50	114,032
Feb 17, 2022	1,585.25	1,606.00	1,576.50	1,592.00	1,592.00	114,032
Feb 16, 2022	1,552.25	1,589.75	1,547.00	1,587.50	1,587.50	100,187
Feb 15, 2022	1,569.25	1,577.00	1,542.25	1,551.25	1,551.25	147,743
Feb 14, 2022	1,587.00	1,599.50	1,551.50	1,570.00	1,570.00	125,494
Feb 11, 2022	1,573.00	1,594.75	1,563.50	1,583.00	1,583.00	255,540
Feb 10, 2022	1,594.75	1,633.00	1,565.50	1,574.25	1,574.25	255,540
Feb 09, 2022	1,570.50	1,599.50	1,566.50	1,594.75	1,594.75	176,069
Feb 08, 2022	1,585.00	1,586.50	1,559.00	1,569.00	1,569.00	176,069
Feb 07, 2022	1,571.00	1,589.50	1,565.25	1,581.75	1,581.75	178,009
Feb 04, 2022	1,544.50	1,560.25	1,532.00	1,553.50	1,553.50	133,829
Feb 03, 2022	1,544.00	1,560.00	1,529.00	1,544.25	1,544.25	133,829
Feb 02, 2022	1,528.00	1,564.00	1,526.00	1,545.25	1,545.25	175,949
Feb 01, 2022	1,490.00	1,539.00	1,485.00	1,528.50	1,528.50	111,725
Jan 31, 2022	1,474.00	1,496.75	1,473.50	1,490.50	1,490.50	148,673
Jan 28, 2022	1,446.50	1,479.00	1,441.50	1,470.00	1,470.00	143,879
Jan 27, 2022	1,436.00	1,456.50	1,428.50	1,448.25	1,448.25	143,879
Jan 26, 2022	1,405.75	1,443.75	1,393.75	1,440.00	1,440.00	139,954
Jan 25, 2022	1,405.00	1,413.75	1,393.25	1,407.25	1,407.25	134,866
Jan 24, 2022	1,419.50	1,423.75	1,382.50	1,403.00	1,403.00	134,866
Jan 21, 2022	1,420.00	1,426.00	1,405.25	1,414.25	1,414.25	149,817
Jan 20, 2022	1,388.25	1,429.50	1,387.50	1,425.75	1,425.75	149,817
Jan 19, 2022	1,363.50	1,392.50	1,363.50	1,391.25	1,391.25	107,595
Jan 18, 2022	1,360.00	1,368.75	1,349.75	1,361.25	1,361.25	86,045
Jan 14, 2022	1,376.75	1,380.00	1,363.75	1,369.75	1,369.75	86,045
Jan 13, 2022	1,399.00	1,399.00	1,370.75	1,377.25	1,377.25	109,592
Jan 12, 2022	1,384.75	1,401.00	1,366.50	1,399.25	1,399.25	97,943
Jan 11, 2022	1,386.50	1,395.00	1,372.50	1,386.50	1,386.50	120,554
Jan 10, 2022	1,404.50	1,409.75	1,379.00	1,384.75	1,384.75	129,914
Jan 07, 2022	1,388.00	1,415.00	1,376.00	1,410.25	1,410.25	99,489
Jan 06, 2022	1,390.50	1,393.75	1,370.00	1,387.25	1,387.25	99,489
Jan 05, 2022	1,389.00	1,399.00	1,381.50	1,394.75	1,394.75	122,661
Jan 04, 2022	1,356.00	1,392.25	1,355.50	1,389.75	1,389.75	90,234
Jan 03, 2022	1,349.00	1,368.50	1,342.00	1,355.50	1,355.50	90,234
Dec 31, 2021	1,339.25	1,348.50	1,336.50	1,339.25	1,339.25	102,595
Dec 30, 2021	1,367.50	1,370.00	1,334.50	1,338.50	1,338.50	102,595
Dec 29, 2021	1,367.25	1,372.50	1,355.00	1,368.75	1,368.75	110,446
Dec 28, 2021	1,370.00	1,384.50	1,363.25	1,368.00	1,368.00	103,758
Dec 27, 2021	1,345.75	1,372.75	1,342.50	1,371.50	1,371.50	103,758
Dec 23, 2021	1,333.00	1,342.50	1,328.00	1,340.75	1,340.75	105,913
Dec 22, 2021	1,310.50	1,339.00	1,309.50	1,335.00	1,335.00	105,913
Dec 21, 2021	1,294.50	1,317.50	1,289.00	1,312.75	1,312.75	70,137
Dec 20, 2021	1,292.00	1,298.00	1,280.50	1,294.75	1,294.75	70,137
Dec 17, 2021	1,277.25	1,298.25	1,276.00	1,288.50	1,288.50	92,487
Dec 16, 2021	1,264.00	1,281.50	1,261.50	1,278.25	1,278.25	74,625
Dec 15, 2021	1,265.00	1,270.00	1,254.00	1,265.25	1,265.25	75,910
Dec 14, 2021	1,252.25	1,271.75	1,243.50	1,264.50	1,264.50	78,306
Dec 13, 2021	1,277.50	1,277.50	1,250.00	1,250.75	1,250.75	87,900
Dec 10, 2021	1,272.00	1,284.00	1,267.25	1,274.25	1,274.25	81,084
Dec 09, 2021	1,268.00	1,275.00	1,255.25	1,272.25	1,272.25	81,296
Dec 08, 2021	1,260.25	1,271.75	1,246.75	1,268.75	1,268.75	133,880
Dec 07, 2021	1,267.25	1,275.50	1,252.00	1,258.25	1,258.25	52,035
Dec 06, 2021	1,276.25	1,278.75	1,259.50	1,266.50	1,266.50	54,807
Dec 03, 2021	1,250.25	1,274.75	1,250.25	1,271.25	1,271.25	54,807
Dec 02, 2021	1,236.25	1,255.25	1,228.50	1,250.00	1,250.00	53,695
Dec 01, 2021	1,231.25	1,244.00	1,223.50	1,235.00	1,235.00	69,779
Nov 30, 2021	1,252.00	1,255.00	1,224.00	1,226.50	1,226.50	69,779
Nov 29, 2021	1,270.25	1,278.75	1,251.25	1,252.00	1,252.00	36,408
Nov 26, 2021	1,264.50	1,264.50	1,251.00	1,263.00	1,263.00	30,067
Nov 24, 2021	1,285.50	1,292.00	1,274.25	1,277.25	1,277.25	30,067
Nov 23, 2021	1,286.00	1,291.00	1,274.50	1,284.50	1,284.50	28,376
Nov 22, 2021	1,275.50	1,291.00	1,271.75	1,286.25	1,286.25	28,376
Nov 19, 2021	1,277.75	1,288.25	1,268.25	1,275.00	1,275.00	53,047
Nov 18, 2021	1,287.75	1,298.25	1,274.25	1,276.50	1,276.50	53,047
Nov 17, 2021	1,263.50	1,300.50	1,262.50	1,288.25	1,288.25	68,463
Nov 16, 2021	1,267.25	1,273.00	1,260.50	1,263.25	1,263.25	32,325
Nov 15, 2021	1,254.00	1,270.75	1,250.25	1,268.75	1,268.75	45,603
Nov 12, 2021	1,233.25	1,261.25	1,232.25	1,256.25	1,256.25	34,343
Nov 11, 2021	1,228.75	1,240.00	1,224.00	1,233.25	1,233.25	34,343
Nov 10, 2021	1,224.00	1,234.25	1,220.00	1,229.00	1,229.00	39,940
Nov 09, 2021	1,199.75	1,252.25	1,193.00	1,223.75	1,223.75	58,301
Nov 08, 2021	1,215.75	1,220.00	1,199.25	1,200.75	1,200.75	49,108
Nov 04, 2021	1,234.00	1,237.75	1,215.50	1,217.50	1,217.50	39,344
Nov 03, 2021	1,254.75	1,258.75	1,227.25	1,234.25	1,234.25	34,576
Nov 02, 2021	1,265.00	1,268.25	1,250.50	1,255.25	1,255.25	34,576
Nov 01, 2021	1,257.50	1,270.25	1,253.00	1,267.00	1,267.00	33,452
Oct 31, 2021	1,259.00	1,268.50	1,246.75	1,258.25	1,258.25	34,160
Oct 28, 2021	1,253.25	1,265.75	1,251.50	1,259.00	1,259.00	33,099
Oct 27, 2021	1,258.75	1,269.25	1,250.75	1,256.00	1,256.00	38,584
Oct 26, 2021	1,256.00	1,275.50	1,245.50	1,259.00	1,259.00	25,315
Oct 25, 2021	1,255.50	1,265.00	1,249.25	1,256.75	1,256.75	36,205
Oct 24, 2021	1,238.75	1,257.50	1,235.50	1,256.25	1,256.25	36,205
Oct 21, 2021	1,243.50	1,249.75	1,236.50	1,239.75	1,239.75	27,594
Oct 20, 2021	1,262.00	1,268.50	1,241.25	1,243.50	1,243.50	27,594
Oct 19, 2021	1,245.50	1,268.00	1,243.00	1,264.25	1,264.25	27,725
Oct 18, 2021	1,236.50	1,255.50	1,234.25	1,245.75	1,245.75	27,725
Oct 17, 2021	1,236.00	1,242.00	1,227.50	1,237.25	1,237.25	22,768
Oct 14, 2021	1,223.75	1,238.25	1,220.75	1,235.25	1,235.25	26,994
Oct 13, 2021	1,216.00	1,225.50	1,213.00	1,224.25	1,224.25	26,994
Oct 12, 2021	1,220.50	1,233.00	1,206.00	1,216.00	1,216.00	33,649
Oct 11, 2021	1,248.00	1,253.00	1,217.00	1,220.50	1,220.50	39,534
Oct 10, 2021	1,262.75	1,273.00	1,248.75	1,250.00	1,250.00	17,385
Oct 07, 2021	1,266.00	1,283.25	1,262.75	1,263.75	1,263.75	35,144
Oct 06, 2021	1,261.25	1,269.50	1,253.50	1,267.25	1,267.25	25,796
Oct 05, 2021	1,269.00	1,274.25	1,258.50	1,261.25	1,261.25	14,034
Oct 04, 2021	1,254.00	1,275.25	1,250.50	1,269.50	1,269.50	17,510
Oct 03, 2021	1,261.00	1,265.50	1,253.00	1,255.25	1,255.25	25,157
Sep 30, 2021	1,270.50	1,278.50	1,259.75	1,264.50	1,264.50	28,241
Sep 29, 2021	1,297.00	1,309.00	1,266.00	1,272.00	1,272.00	28,241
Sep 28, 2021	1,291.25	1,303.00	1,288.50	1,298.50	1,298.50	13,448
Sep 27, 2021	1,301.75	1,301.75	1,290.75	1,292.50	1,292.50	17,216
Sep 26, 2021	1,296.50	1,310.50	1,295.25	1,302.75	1,302.75	17,216
Sep 23, 2021	1,296.50	1,302.50	1,291.00	1,297.75	1,297.75	10,242
Sep 22, 2021	1,294.75	1,302.25	1,289.00	1,297.50	1,297.50	10,242
Sep 21, 2021	1,287.00	1,297.00	1,282.75	1,295.25	1,295.25	10,566
Sep 20, 2021	1,276.00	1,288.50	1,271.00	1,287.25	1,287.25	11,612
Sep 19, 2021	1,296.00	1,296.00	1,275.50	1,276.25	1,276.25	8,794
Sep 16, 2021	1,308.00	1,310.50	1,290.50	1,297.25	1,297.25	10,122
Sep 15, 2021	1,308.00	1,320.25	1,304.50	1,308.75	1,308.75	10,122
Sep 14, 2021	1,295.75	1,308.50	1,290.00	1,307.75	1,307.75	14,990
Sep 13, 2021	1,298.50	1,309.75	1,295.25	1,296.25	1,296.25	13,568
Sep 12, 2021	1,302.25	1,306.50	1,290.25	1,298.00	1,298.00	12,062
Sep 09, 2021	1,284.00	1,311.50	1,276.25	1,299.25	1,299.25	25,258
Sep 08, 2021	1,294.50	1,296.75	1,280.75	1,284.00	1,284.00	15,959
Sep 07, 2021	1,295.25	1,304.50	1,288.00	1,295.00	1,295.00	12,304
Sep 06, 2021	1,307.25	1,320.50	1,293.25	1,294.25	1,294.25	12,304
Sep 02, 2021	1,297.00	1,310.25	1,291.00	1,307.00	1,307.00	11,957
Sep 01, 2021	1,294.00	1,301.75	1,287.50	1,297.50	1,297.50	15,421
Aug 31, 2021	1,305.25	1,308.00	1,286.00	1,294.25	1,294.25	19,412
Aug 30, 2021	1,315.50	1,322.50	1,295.00	1,305.25	1,305.25	15,493
Aug 29, 2021	1,331.50	1,341.75	1,307.00	1,314.25	1,314.25	14,469
Aug 26, 2021	1,330.50	1,330.50	1,315.00	1,329.25	1,329.25	7,545
Aug 25, 2021	1,336.25	1,337.75	1,325.50	1,332.25	1,332.25	7,128
Aug 24, 2021	1,337.50	1,346.00	1,329.00	1,339.50	1,339.50	10,611
Aug 23, 2021	1,306.25	1,343.00	1,301.75	1,338.50	1,338.50	14,707
Aug 22, 2021	1,295.00	1,315.50	1,294.25	1,301.25	1,301.25	15,509
Aug 19, 2021	1,325.25	1,338.00	1,284.25	1,297.25	1,297.25	18,607
Aug 18, 2021	1,353.00	1,353.00	1,318.75	1,324.25	1,324.25	16,766
Aug 17, 2021	1,360.00	1,364.00	1,347.00	1,354.00	1,354.00	13,553
Aug 16, 2021	1,369.75	1,376.25	1,355.00	1,359.75	1,359.75	10,923
Aug 15, 2021	1,361.75	1,373.25	1,358.75	1,364.75	1,364.75	11,678
Aug 12, 2021	1,343.00	1,367.25	1,335.00	1,361.50	1,361.50	19,747
Aug 11, 2021	1,338.25	1,370.25	1,327.00	1,343.50	1,343.50	24,034
Aug 10, 2021	1,339.00	1,356.25	1,335.00	1,341.25	1,341.25	13,175
Aug 09, 2021	1,327.00	1,345.75	1,327.00	1,338.75	1,338.75	13,940
Aug 08, 2021	1,338.50	1,347.75	1,327.50	1,331.25	1,331.25	11,106
Aug 05, 2021	1,330.50	1,342.75	1,325.25	1,338.25	1,338.25	9,586
Aug 04, 2021	1,329.25	1,341.75	1,319.00	1,331.00	1,331.00	9,586
Aug 03, 2021	1,327.00	1,332.75	1,319.00	1,328.75	1,328.75	10,110
Aug 02, 2021	1,343.75	1,347.75	1,312.25	1,323.50	1,323.50	10,110
Aug 01, 2021	1,347.50	1,357.75	1,335.75	1,353.00	1,353.00	6,815
Jul 29, 2021	1,372.00	1,373.75	1,340.75	1,347.75	1,347.75	8,307
Jul 28, 2021	1,356.00	1,374.25	1,354.25	1,371.75	1,371.75	3,494
Jul 27, 2021	1,359.00	1,364.50	1,347.00	1,356.75	1,356.75	4,926
Jul 26, 2021	1,360.50	1,380.75	1,351.00	1,354.00	1,354.00	5,810
Jul 25, 2021	1,349.25	1,357.00	1,329.50	1,354.50	1,354.50	8,968
Jul 22, 2021	1,356.25	1,356.25	1,338.50	1,345.50	1,345.50	6,529
Jul 21, 2021	1,375.75	1,376.25	1,332.75	1,352.00	1,352.00	8,090
Jul 20, 2021	1,374.25	1,378.75	1,361.25	1,376.25	1,376.25	5,389
Jul 19, 2021	1,359.25	1,386.00	1,356.25	1,370.50	1,370.50	7,666
Jul 18, 2021	1,395.00	1,399.50	1,356.00	1,358.00	1,358.00	5,447
Jul 15, 2021	1,364.50	1,390.75	1,362.75	1,376.00	1,376.00	7,741
Jul 14, 2021	1,370.00	1,374.75	1,360.75	1,365.75	1,365.75	4,375
Jul 13, 2021	1,340.75	1,371.75	1,334.00	1,370.25	1,370.25	6,139
Jul 12, 2021	1,338.50	1,352.25	1,335.50	1,341.00	1,341.00	4,611
Jul 11, 2021	1,319.00	1,340.50	1,317.00	1,338.75	1,338.75	5,920
Jul 08, 2021	1,309.00	1,322.25	1,299.00	1,319.50	1,319.50	7,414
Jul 07, 2021	1,319.50	1,323.00	1,302.00	1,308.00	1,308.00	6,703
Jul 06, 2021	1,299.75	1,327.75	1,296.25	1,313.25	1,313.25	8,695
Jul 05, 2021	1,353.00	1,354.25	1,284.00	1,291.25	1,291.25	9,871
Jul 01, 2021	1,371.00	1,389.00	1,362.50	1,377.75	1,377.75	9,307
Jun 30, 2021	1,369.50	1,398.00	1,353.75	1,371.50	1,371.50	10,472
Jun 29, 2021	1,298.50	1,383.25	1,280.00	1,372.75	1,372.75	17,115
Jun 28, 2021	1,312.00	1,315.25	1,285.75	1,299.25	1,299.25	5,989
Jun 27, 2021	1,261.50	1,308.75	1,260.00	1,301.25	1,301.25	6,640
Jun 24, 2021	1,285.00	1,294.75	1,253.25	1,261.75	1,261.75	6,736
Jun 23, 2021	1,291.25	1,291.25	1,256.50	1,285.50	1,285.50	7,234
Jun 22, 2021	1,291.25	1,301.75	1,286.00	1,293.25	1,293.25	5,127
Jun 21, 2021	1,312.50	1,317.75	1,287.25	1,292.75	1,292.75	4,874
Jun 20, 2021	1,276.75	1,311.25	1,270.75	1,309.00	1,309.00	6,390
Jun 17, 2021	1,247.50	1,309.25	1,246.50	1,302.00	1,302.00	10,184
Jun 16, 2021	1,322.00	1,324.75	1,229.50	1,241.75	1,241.75	14,405
Jun 15, 2021	1,358.25	1,363.25	1,323.75	1,327.50	1,327.50	5,330
Jun 14, 2021	1,384.00	1,387.25	1,347.00	1,355.75	1,355.75	5,651
Jun 13, 2021	1,406.75	1,406.75	1,363.75	1,374.25	1,374.25	6,650
Jun 10, 2021	1,433.50	1,436.75	1,400.25	1,415.00	1,415.00	7,818
Jun 09, 2021	1,422.25	1,435.50	1,412.75	1,433.00	1,433.00	7,488
Jun 08, 2021	1,433.50	1,436.25	1,405.75	1,423.25	1,423.25	7,418
Jun 07, 2021	1,423.50	1,436.00	1,416.00	1,431.00	1,431.00	10,961
Jun 06, 2021	1,418.75	1,445.50	1,413.25	1,416.50	1,416.50	13,480
Jun 03, 2021	1,386.25	1,409.50	1,385.00	1,407.00	1,407.00	9,128
Jun 02, 2021	1,393.75	1,413.50	1,380.00	1,386.00	1,386.00	5,584
Jun 01, 2021	1,372.75	1,396.00	1,370.00	1,390.75	1,390.75	5,396
May 31, 2021	1,364.00	1,392.25	1,358.75	1,374.25	1,374.25	6,707
May 27, 2021	1,353.25	1,367.75	1,344.00	1,350.25	1,350.25	4,052
May 26, 2021	1,330.00	1,359.25	1,317.75	1,354.25	1,354.25	5,564
May 25, 2021	1,326.50	1,335.00	1,306.00	1,327.00	1,327.00	4,294
May 24, 2021	1,337.50	1,348.00	1,318.25	1,327.25	1,327.25	4,107
May 23, 2021	1,329.50	1,340.00	1,318.00	1,339.25	1,339.25	2,698
May 20, 2021	1,345.00	1,345.00	1,330.50	1,335.50	1,335.50	4,645
May 19, 2021	1,352.50	1,357.75	1,334.00	1,343.75	1,343.75	5,374
May 18, 2021	1,370.50	1,371.25	1,332.25	1,346.75	1,346.75	6,485
May 17, 2021	1,367.50	1,383.00	1,365.75	1,372.25	1,372.25	3,892
May 16, 2021	1,368.75	1,377.00	1,356.50	1,367.25	1,367.25	3,335
May 13, 2021	1,361.00	1,385.00	1,356.75	1,371.75	1,371.75	6,504
May 12, 2021	1,397.00	1,397.75	1,333.00	1,362.75	1,362.75	6,504
May 11, 2021	1,393.50	1,416.50	1,388.00	1,398.50	1,398.50	5,272
May 10, 2021	1,379.00	1,399.50	1,368.50	1,393.75	1,393.75	5,272
May 09, 2021	1,381.75	1,391.75	1,374.50	1,382.75	1,382.75	8,862
May 06, 2021	1,374.50	1,405.50	1,373.75	1,392.75	1,392.75	16,593
May 05, 2021	1,356.25	1,386.75	1,356.25	1,374.75	1,374.75	7,531
May 04, 2021	1,340.00	1,356.00	1,335.50	1,354.75	1,354.75	6,323
May 03, 2021	1,320.00	1,343.25	1,320.00	1,335.75	1,335.75	5,057
May 02, 2021	1,329.75	1,340.00	1,310.50	1,322.75	1,322.75	2,138
Apr 29, 2021	1,296.75	1,320.75	1,293.00	1,318.50	1,318.50	5,910
Apr 28, 2021	1,297.50	1,307.25	1,294.75	1,298.75	1,298.75	4,871
Apr 27, 2021	1,312.75	1,322.00	1,292.75	1,303.75	1,303.75	4,921
Apr 26, 2021	1,333.25	1,352.75	1,314.25	1,318.25	1,318.25	8,248
Apr 25, 2021	1,315.50	1,336.50	1,310.75	1,333.00	1,333.00	4,079
Apr 22, 2021	1,304.75	1,317.00	1,296.50	1,311.75	1,311.75	4,651
Apr 21, 2021	1,283.25	1,315.50	1,282.00	1,308.75	1,308.75	7,336
Apr 20, 2021	1,270.25	1,284.75	1,269.25	1,281.25	1,281.25	3,802
Apr 19, 2021	1,254.00	1,278.00	1,253.00	1,270.50	1,270.50	5,277
Apr 18, 2021	1,246.50	1,257.75	1,245.25	1,254.75	1,254.75	2,554
Apr 15, 2021	1,242.75	1,254.50	1,241.50	1,246.50	1,246.50	3,429
Apr 14, 2021	1,236.75	1,245.50	1,236.00	1,243.00	1,243.00	2,036
Apr 13, 2021	1,228.50	1,243.50	1,226.00	1,238.50	1,238.50	2,585
Apr 12, 2021	1,224.25	1,235.25	1,220.75	1,227.00	1,227.00	2,370
Apr 11, 2021	1,233.75	1,236.25	1,215.50	1,224.50	1,224.50	3,676
Apr 08, 2021	1,242.50	1,245.00	1,233.00	1,235.00	1,235.00	2,845
Apr 07, 2021	1,241.00	1,245.00	1,236.75	1,243.25	1,243.25	2,843
Apr 06, 2021	1,242.75	1,244.75	1,236.25	1,241.00	1,241.00	1,523
Apr 05, 2021	1,240.25	1,249.75	1,239.75	1,241.75	1,241.75	2,135
Apr 04, 2021	1,238.75	1,250.00	1,236.00	1,239.50	1,239.50	2,962
Mar 31, 2021	1,238.00	1,253.50	1,224.75	1,236.50	1,236.50	6,335
Mar 30, 2021	1,175.50	1,242.75	1,170.75	1,237.25	1,237.25	12,506
Mar 29, 2021	1,192.00	1,192.00	1,171.00	1,172.75	1,172.75	1,829
Mar 28, 2021	1,190.75	1,193.00	1,187.50	1,190.25	1,190.25	1,624
Mar 25, 2021	1,197.25	1,198.25	1,189.50	1,191.00	1,191.00	3,473
Mar 24, 2021	1,204.00	1,204.50	1,191.50	1,195.25	1,195.25	700
Mar 23, 2021	1,201.75	1,208.75	1,199.75	1,206.25	1,206.25	1,038
Mar 22, 2021	1,191.25	1,206.50	1,191.00	1,200.00	1,200.00	1,561
Mar 21, 2021	1,193.75	1,196.50	1,186.50	1,191.50	1,191.50	1,737
Mar 18, 2021	1,187.50	1,203.00	1,186.00	1,196.75	1,196.75	1,967
Mar 17, 2021	1,210.50	1,210.50	1,188.25	1,189.50	1,189.50	1,366
Mar 16, 2021	1,225.50	1,226.25	1,213.00	1,215.75	1,215.75	1,314
Mar 15, 2021	1,226.00	1,227.25	1,219.75	1,226.75	1,226.75	974
Mar 14, 2021	1,217.75	1,229.75	1,216.25	1,226.00	1,226.00	1,334
Mar 12, 2021	1,225.25	1,226.25	1,212.50	1,226.00	1,226.00	2,366
Mar 11, 2021	1,211.25	1,224.25	1,208.50	1,222.75	1,222.75	2,358
Mar 10, 2021	1,232.00	1,232.00	1,205.75	1,214.75	1,214.75	2,512
Mar 09, 2021	1,227.75	1,232.25	1,215.00	1,231.75	1,231.75	2,864
Mar 08, 2021	1,220.75	1,231.25	1,220.00	1,225.75	1,225.75	3,471
Mar 05, 2021	1,204.75	1,219.25	1,204.25	1,218.00	1,218.00	2,298
Mar 04, 2021	1,199.75	1,211.25	1,195.75	1,207.25	1,207.25	4,576
Mar 03, 2021	1,196.00	1,199.00	1,187.75	1,197.75	1,197.75	2,603
Mar 02, 2021	1,193.25	1,201.00	1,185.50	1,200.75	1,200.75	3,441
Mar 01, 2021	1,194.50	1,203.00	1,186.25	1,192.50	1,192.50	5,810
Feb 26, 2021	1,194.50	1,195.25	1,179.75	1,189.75	1,189.75	2,038
Feb 25, 2021	1,194.25	1,210.00	1,189.25	1,197.00	1,197.00	5,009
Feb 24, 2021	1,186.00	1,201.00	1,183.00	1,196.50	1,196.50	3,358
Feb 23, 2021	1,173.50	1,191.75	1,172.50	1,185.75	1,185.75	3,411
Feb 22, 2021	1,172.00	1,175.50	1,164.50	1,175.50	1,175.50	3,653
Feb 19, 2021	1,155.50	1,168.00	1,152.50	1,162.75	1,162.75	1,147
Feb 18, 2021	1,157.75	1,159.75	1,149.00	1,155.25	1,155.25	1,968
Feb 17, 2021	1,155.00	1,161.50	1,150.00	1,155.00	1,155.00	1,881
Feb 16, 2021	1,149.00	1,155.75	1,142.75	1,155.25	1,155.25	1,194
Feb 12, 2021	1,139.25	1,145.25	1,137.50	1,139.25	1,139.25	1,252
Feb 11, 2021	1,134.75	1,149.50	1,126.00	1,139.25	1,139.25	3,169
Feb 10, 2021	1,153.75	1,154.25	1,129.50	1,134.50	1,134.50	3,240
Feb 09, 2021	1,143.75	1,158.75	1,139.75	1,153.25	1,153.25	2,535
Feb 08, 2021	1,128.50	1,147.75	1,128.50	1,145.00	1,145.00	1,467
Feb 05, 2021	1,123.25	1,135.00	1,121.25	1,127.50	1,127.50	1,158
Feb 04, 2021	1,119.50	1,128.50	1,119.50	1,125.75	1,125.75	2,325
Feb 03, 2021	1,114.00	1,121.25	1,103.00	1,119.25	1,119.25	1,076
Feb 02, 2021	1,118.50	1,120.50	1,107.50	1,115.50	1,115.50	865
Feb 01, 2021	1,111.50	1,119.25	1,101.50	1,118.00	1,118.00	1,088
Jan 29, 2021	1,093.50	1,110.75	1,093.25	1,105.25	1,105.25	1,490
Jan 28, 2021	1,108.75	1,121.50	1,092.00	1,094.50	1,094.50	1,388
Jan 27, 2021	1,121.00	1,129.25	1,109.25	1,113.50	1,113.50	2,456
Jan 26, 2021	1,098.50	1,120.50	1,088.75	1,116.75	1,116.75	991
Jan 25, 2021	1,079.50	1,106.00	1,069.00	1,100.00	1,100.00	1,282
Jan 22, 2021	1,127.00	1,127.00	1,074.50	1,081.50	1,081.50	2,997
Jan 21, 2021	1,128.75	1,140.25	1,128.00	1,130.75	1,130.75	1,213
Jan 20, 2021	1,148.75	1,150.00	1,132.00	1,133.75	1,133.75	2,050
Jan 19, 2021	1,160.50	1,162.25	1,150.00	1,152.75	1,152.75	1,814
Jan 15, 2021	1,155.75	1,162.00	1,149.00	1,160.25	1,160.25	2,023
Jan 14, 2021	1,136.00	1,158.50	1,133.75	1,154.25	1,154.25	2,376
Jan 13, 2021	1,134.00	1,145.00	1,132.25	1,137.00	1,137.00	1,611
Jan 12, 2021	1,126.00	1,141.00	1,105.25	1,136.25	1,136.25	2,444
Jan 11, 2021	1,135.75	1,143.00	1,118.50	1,126.00	1,126.00	4,546
Jan 08, 2021	1,128.50	1,146.50	1,122.50	1,135.50	1,135.50	3,695
Jan 07, 2021	1,129.00	1,135.75	1,118.25	1,128.00	1,128.00	1,732
Jan 06, 2021	1,122.25	1,134.00	1,116.75	1,127.25	1,127.25	2,020
Jan 05, 2021	1,097.75	1,131.75	1,097.75	1,115.25	1,115.25	3,339
Jan 04, 2021	1,096.25	1,117.50	1,090.00	1,096.75	1,096.75	3,153
Dec 31, 2020	1,082.25	1,097.25	1,082.25	1,091.50	1,091.50	570
Dec 30, 2020	1,077.25	1,086.50	1,074.00	1,085.25	1,085.25	949
Dec 29, 2020	1,064.25	1,081.25	1,062.00	1,079.75	1,079.75	898
Dec 28, 2020	1,073.50	1,073.50	1,059.00	1,068.50	1,068.50	1,064
Dec 24, 2020	1,066.25	1,071.00	1,063.25	1,065.75	1,065.75	524
Dec 23, 2020	1,064.75	1,072.75	1,063.00	1,066.00	1,066.00	489
Dec 22, 2020	1,072.25	1,075.25	1,067.25	1,069.50	1,069.50	659
Dec 21, 2020	1,065.25	1,073.25	1,056.25	1,073.25	1,073.25	542
Dec 18, 2020	1,054.25	1,065.50	1,052.75	1,063.50	1,063.50	592
Dec 17, 2020	1,049.00	1,056.50	1,046.75	1,055.00	1,055.00	556
Dec 16, 2020	1,052.00	1,054.25	1,045.25	1,046.75	1,046.75	557
Dec 15, 2020	1,044.00	1,050.75	1,042.75	1,050.75	1,050.75	361
Dec 14, 2020	1,044.75	1,048.00	1,043.00	1,047.50	1,047.50	438
Dec 11, 2020	1,034.25	1,043.75	1,033.75	1,043.50	1,043.50	569
Dec 10, 2020	1,037.25	1,044.25	1,032.00	1,035.75	1,035.75	940
Dec 09, 2020	1,029.50	1,036.75	1,029.50	1,036.75	1,036.75	729
Dec 08, 2020	1,027.75	1,031.75	1,021.00	1,029.00	1,029.00	642
Dec 07, 2020	1,020.50	1,031.75	1,018.50	1,030.25	1,030.25	544
Dec 04, 2020	1,025.25	1,025.25	1,019.00	1,024.75	1,024.75	451
Dec 03, 2020	1,014.25	1,024.75	1,014.25	1,024.75	1,024.75	645
Dec 02, 2020	1,017.75	1,019.25	1,006.25	1,015.25	1,015.25	435
Dec 01, 2020	1,024.50	1,029.00	1,018.50	1,020.00	1,020.00	425
Nov 30, 2020	1,032.50	1,033.00	1,025.00	1,025.00	1,025.00	372
Nov 27, 2020	1,032.00	1,039.75	1,028.75	1,039.75	1,039.75	330
Nov 25, 2020	1,039.00	1,039.00	1,033.00	1,033.00	1,033.00	424
Nov 24, 2020	1,034.75	1,039.25	1,026.75	1,038.75	1,038.75	321
Nov 23, 2020	1,036.75	1,040.00	1,034.75	1,038.50	1,038.50	672
Nov 20, 2020	1,037.50	1,039.75	1,033.00	1,033.00	1,033.00	439
Nov 19, 2020	1,030.00	1,034.00	1,023.25	1,033.75	1,033.75	610
Nov 18, 2020	1,027.00	1,036.75	1,027.00	1,033.25	1,033.25	313
Nov 17, 2020	1,030.00	1,031.75	1,025.50	1,028.75	1,028.75	429
Nov 16, 2020	1,025.00	1,028.50	1,020.75	1,026.50	1,026.50	496
Nov 13, 2020	1,012.00	1,025.00	1,011.00	1,021.00	1,021.00	815
Nov 12, 2020	1,010.25	1,013.50	1,007.75	1,011.75	1,011.75	305
Nov 11, 2020	1,004.75	1,012.00	999.25	1,011.75	1,011.75	987
Nov 10, 2020	989.00	1,008.25	987.50	1,003.25	1,003.25	1,308
Nov 09, 2020	990.50	996.00	989.00	989.25	989.25	492
Nov 06, 2020	984.50	989.00	984.25	988.00	988.00	393
Nov 05, 2020	970.25	986.25	968.00	985.75	985.75	606
Nov 04, 2020	958.00	973.00	957.25	972.50	972.50	801
Nov 03, 2020	957.50	961.00	956.75	959.00	959.00	838
Nov 02, 2020	948.25	954.00	946.50	954.00	954.00	364
Oct 29, 2020	944.50	953.00	941.25	950.50	950.50	783
Oct 28, 2020	943.00	947.00	942.25	944.50	944.50	245
Oct 27, 2020	953.50	956.25	943.50	944.25	944.25	726
Oct 26, 2020	959.00	961.25	954.50	956.25	956.25	267
Oct 25, 2020	962.50	962.50	954.50	959.75	959.75	603
Oct 22, 2020	958.25	962.25	954.50	959.75	959.75	432
Oct 21, 2020	958.00	962.00	954.25	960.00	960.00	678
Oct 20, 2020	961.25	961.25	957.50	959.50	959.50	284
Oct 19, 2020	953.00	957.25	952.00	956.75	956.75	284
Oct 18, 2020	948.00	952.50	947.25	950.50	950.50	1,283
Oct 15, 2020	954.25	954.25	948.25	948.75	948.75	496
Oct 14, 2020	954.50	954.50	945.00	951.00	951.00	294
Oct 13, 2020	954.50	957.25	953.00	953.25	953.25	326
Oct 12, 2020	953.00	954.75	948.25	954.00	954.00	231
Oct 11, 2020	952.50	957.00	946.50	947.75	947.75	169
Oct 08, 2020	945.00	956.25	941.75	954.50	954.50	793
Oct 07, 2020	944.50	945.00	935.25	938.00	938.00	1,162
Oct 06, 2020	945.25	952.00	940.75	941.25	941.25	1,321
Oct 05, 2020	943.75	955.25	942.25	945.25	945.25	2,566
Oct 04, 2020	940.50	945.75	938.50	944.75	944.75	421
Oct 01, 2020	940.25	943.25	936.00	941.75	941.75	1,090
Sep 30, 2020	943.25	949.00	938.25	941.75	941.75	988
Sep 29, 2020	926.00	953.25	922.75	944.00	944.00	2,670
Sep 28, 2020	925.25	931.00	920.25	928.00	928.00	589
Sep 27, 2020	930.00	931.00	924.50	927.25	927.25	442
Sep 24, 2020	930.25	938.00	929.75	931.00	931.00	708
Sep 23, 2020	937.00	937.75	930.75	932.50	932.50	643
Sep 22, 2020	938.00	943.25	934.50	937.00	937.00	1,502
Sep 21, 2020	942.00	952.75	937.25	938.25	938.25	1,298
Sep 20, 2020	953.00	959.00	942.50	944.25	944.25	1,585
Sep 17, 2020	953.25	965.50	952.25	955.75	955.75	2,684
Sep 16, 2020	954.00	960.00	945.25	953.50	953.50	1,473
Sep 15, 2020	944.50	957.50	943.00	951.75	951.75	2,068
Sep 14, 2020	943.75	949.25	941.00	945.75	945.75	1,050
Sep 13, 2020	934.50	946.00	933.25	944.25	944.25	1,530
Sep 10, 2020	934.50	942.25	928.25	935.75	935.75	1,583
Sep 09, 2020	938.50	939.00	934.25	936.25	936.25	271
Sep 08, 2020	937.00	941.25	936.75	939.75	939.75	452
Sep 07, 2020	941.50	943.00	933.50	938.75	938.75	613
Sep 03, 2020	930.75	937.50	930.75	936.25	936.25	232
Sep 02, 2020	936.75	940.50	933.00	934.75	934.75	794
Sep 01, 2020	930.50	940.25	926.75	938.75	938.75	1,559
Aug 31, 2020	928.50	934.50	927.00	930.75	930.75	788
Aug 30, 2020	921.00	929.75	921.00	926.50	926.50	854
Aug 27, 2020	913.00	922.75	910.75	921.50	921.50	1,654
Aug 26, 2020	907.50	919.75	907.50	915.00	915.00	2,849
Aug 25, 2020	911.00	911.00	905.75	907.25	907.25	1,354
Aug 24, 2020	906.00	912.25	906.00	911.50	911.50	1,359
Aug 23, 2020	897.75	906.75	895.00	902.50	902.50	1,213
Aug 20, 2020	899.25	902.00	895.00	899.50	899.50	1,202
Aug 19, 2020	901.75	903.25	896.00	899.00	899.00	1,395
Aug 18, 2020	901.00	907.00	901.00	903.25	903.25	815
Aug 17, 2020	902.00	906.50	900.50	902.50	902.50	1,034
Aug 16, 2020	898.75	905.75	898.75	902.75	902.75	1,067
Aug 13, 2020	892.00	898.00	891.75	893.00	893.00	801
Aug 12, 2020	884.00	900.25	883.50	895.75	895.75	637
Aug 11, 2020	879.25	884.75	877.00	884.75	884.75	1,129
Aug 10, 2020	883.75	883.75	879.50	879.75	879.75	1,022
Aug 09, 2020	880.00	885.25	880.00	882.50	882.50	208
Aug 06, 2020	886.50	886.50	877.00	879.00	879.00	954
Aug 05, 2020	892.00	898.25	887.75	888.50	888.50	378
Aug 04, 2020	895.00	895.00	888.50	891.00	891.00	96
Aug 03, 2020	892.00	894.00	887.25	890.00	890.00	139
Aug 02, 2020	896.00	896.00	892.75	894.75	894.75	216
Jul 30, 2020	896.00	897.25	891.00	892.50	892.50	220
Jul 29, 2020	888.00	890.50	884.75	890.50	890.50	121
Jul 28, 2020	888.25	889.50	888.00	889.50	889.50	57
Jul 27, 2020	883.50	887.25	883.50	886.75	886.75	44
Jul 26, 2020	893.50	893.50	892.75	893.50	893.50	16
Jul 23, 2020	891.00	891.00	888.25	890.25	890.25	34
Jul 22, 2020	891.00	891.25	886.75	889.75	889.75	246
Jul 21, 2020	888.25	891.00	888.25	889.50	889.50	23
Jul 20, 2020	887.00	888.25	883.00	887.75	887.75	62
Jul 19, 2020	887.00	888.25	886.00	888.25	888.25	49
Jul 16, 2020	886.25	887.75	884.50	885.00	885.00	39
Jul 15, 2020	884.25	884.25	883.25	883.25	883.25	18
Jul 14, 2020	878.00	879.00	878.00	879.00	879.00	64
Jul 13, 2020	878.50	878.75	875.00	875.50	875.50	28
Jul 12, 2020	872.50	875.00	872.50	875.00	875.00	65
Jul 09, 2020	893.50	893.50	881.75	881.75	881.75	38
Jul 08, 2020	894.25	894.25	891.75	893.75	893.75	49
Jul 07, 2020	892.50	894.00	891.25	892.25	892.25	50
Jul 06, 2020	894.25	894.25	888.00	891.00	891.00	112
Jul 05, 2020	895.75	895.75	891.50	891.50	891.50	27
Jul 01, 2020	883.75	883.75	883.75	883.75	883.75	6
Jun 30, 2020	886.00	886.00	883.50	883.50	883.50	25
Jun 29, 2020	867.50	872.75	862.25	866.25	866.25	177
Jun 28, 2020	865.50	865.50	863.50	863.50	863.50	21
Jun 25, 2020	862.00	862.00	854.00	856.75	856.75	39
Jun 24, 2020	866.75	866.75	863.00	866.50	866.50	53
Jun 23, 2020	874.75	874.75	868.00	870.75	870.75	143
Jun 22, 2020	876.00	876.00	876.00	876.00	876.00	-
Jun 21, 2020	877.00	877.00	876.00	876.00	876.00	6
Jun 18, 2020	877.00	877.00	877.00	877.00	877.00	-
Jun 17, 2020	872.00	874.00	872.00	874.00	874.00	42
Jun 16, 2020	875.00	875.00	875.00	875.00	875.00	-
Jun 15, 2020	870.75	870.75	870.75	870.75	870.75	-
Jun 14, 2020	866.75	871.00	866.75	871.00	871.00	17
Jun 11, 2020	872.00	872.00	872.00	872.00	872.00	-
Jun 10, 2020	872.00	872.50	870.00	872.50	872.50	13
Jun 09, 2020	876.25	876.25	876.25	876.25	876.25	-
Jun 08, 2020	879.75	879.75	875.75	878.75	878.75	9
Jun 07, 2020	884.00	887.00	884.00	887.00	887.00	4
Jun 04, 2020	885.00	885.00	882.50	883.75	883.75	94
Jun 03, 2020	884.25	884.25	884.25	884.25	884.25	-
Jun 02, 2020	870.00	870.00	870.00	870.00	870.00	-
Jun 01, 2020	866.75	866.75	866.75	866.75	866.75	-
May 31, 2020	862.00	862.00	862.00	862.00	862.00	1
May 28, 2020	862.25	862.25	862.25	862.25	862.25	-
May 27, 2020	862.25	862.25	862.25	862.25	862.25	-
May 26, 2020	862.75	862.75	862.75	862.75	862.75	-
May 25, 2020	860.00	860.00	860.00	860.00	860.00	-
May 21, 2020	853.25	853.25	853.25	853.25	853.25	-
May 20, 2020	852.00	852.00	852.00	852.00	852.00	-
May 19, 2020	853.00	853.00	853.00	853.00	853.00	7
May 18, 2020	851.25	851.25	851.25	851.25	851.25	-
May 17, 2020	849.75	849.75	849.75	849.75	849.75	-
May 14, 2020	842.25	842.25	842.25	842.25	842.25	-
May 13, 2020	839.50	839.50	839.50	839.50	839.50	-
May 12, 2020	840.50	840.50	840.50	840.50	840.50	-
May 11, 2020	846.00	846.00	846.00	846.00	846.00	-
May 10, 2020	846.50	846.50	846.50	846.50	846.50	-
May 07, 2020	844.00	844.00	844.00	844.00	844.00	-
May 06, 2020	837.50	837.50	837.50	837.50	837.50	-
May 05, 2020	836.50	836.50	836.50	836.50	836.50	1
May 04, 2020	845.25	845.25	845.25	845.25	845.25	-
May 03, 2020	851.25	851.25	851.25	851.25	851.25	-
Apr 30, 2020	856.00	856.00	856.00	856.00	856.00	-
Apr 29, 2020	854.75	854.75	854.25	854.25	854.25	1
Apr 28, 2020	847.25	847.25	847.25	847.25	847.25	-
Apr 27, 2020	838.00	840.00	838.00	839.25	839.25	22
Apr 26, 2020	838.00	838.00	832.25	832.25	832.25	5
Apr 23, 2020	834.00	834.00	834.00	834.00	834.00	24
Apr 22, 2020	846.50	846.50	846.50	846.50	846.50	-
Apr 21, 2020	849.50	849.50	849.50	849.50	849.50	-
Apr 20, 2020	850.00	857.50	850.00	857.50	857.50	12
Apr 19, 2020	851.25	851.25	851.25	851.25	851.25	-
Apr 16, 2020	854.00	854.00	854.00	854.00	854.00	-
Apr 15, 2020	856.75	856.75	856.75	856.75	856.75	-
Apr 14, 2020	860.50	860.50	860.50	860.50	860.50	-
Apr 13, 2020	868.00	868.00	868.00	868.00	868.00	-
Apr 12, 2020	872.25	872.25	872.25	872.25	872.25	-
Apr 08, 2020	875.50	875.50	875.50	875.50	875.50	-
Apr 07, 2020	869.50	869.50	869.50	869.50	869.50	-
Apr 06, 2020	862.00	862.00	862.00	862.00	862.00	-
Apr 05, 2020	857.25	857.25	857.25	857.25	857.25	-
Apr 02, 2020	852.75	852.75	852.75	852.75	852.75	-
Apr 01, 2020	855.00	855.00	855.00	855.00	855.00	-
Mar 31, 2020	855.00	855.00	849.50	850.50	850.50	3
Mar 30, 2020	855.75	855.75	855.75	855.75	855.75	-
Mar 29, 2020	857.75	857.75	857.75	857.75	857.75	-
Mar 26, 2020	863.75	863.75	863.75	863.75	863.75	-
Mar 25, 2020	873.50	873.50	873.50	873.50	873.50	-
Mar 24, 2020	869.00	869.00	869.00	869.00	869.00	-
Mar 23, 2020	862.00	862.00	862.00	862.00	862.00	-
Mar 22, 2020	862.00	862.00	862.00	862.00	862.00	1
Mar 19, 2020	864.25	864.25	864.25	864.25	864.25	-
Mar 18, 2020	856.50	856.50	856.50	856.50	856.50	-
Mar 17, 2020	860.75	860.75	860.75	860.75	860.75	-
Mar 16, 2020	861.25	861.25	861.25	861.25	861.25	-
Mar 15, 2020	867.00	867.00	867.00	867.00	867.00	-
Mar 12, 2020	881.00	881.00	881.00	881.00	881.00	-
Mar 11, 2020	890.00	890.00	884.00	884.00	884.00	12
Mar 10, 2020	894.00	894.00	894.00	894.00	894.00	-
Mar 09, 2020	897.75	897.75	897.75	897.75	897.75	-
Mar 08, 2020	891.50	891.50	891.50	891.50	891.50	-
Mar 06, 2020	907.00	907.00	907.00	907.00	907.00	-
Mar 05, 2020	910.00	910.00	903.50	903.50	903.50	10
Mar 04, 2020	912.50	912.50	912.50	912.50	912.50	-
Mar 03, 2020	919.00	919.00	919.00	919.00	919.00	-
Mar 02, 2020	920.00	920.00	920.00	920.00	920.00	-
Feb 28, 2020	913.00	913.00	913.00	913.00	913.00	-
Feb 27, 2020	915.50	915.50	915.50	915.50	915.50	-
Feb 26, 2020	917.25	917.25	917.25	917.25	917.25	-
Feb 25, 2020	917.00	917.00	917.00	917.00	917.00	-
Feb 24, 2020	912.75	912.75	912.75	912.75	912.75	-
Feb 21, 2020	918.75	918.75	918.75	918.75	918.75	1
Feb 20, 2020	928.00	928.00	922.50	922.50	922.50	15
Feb 19, 2020	930.00	930.00	930.00	930.00	930.00	15
Feb 18, 2020	929.50	929.50	929.50	929.50	929.50	-
Feb 14, 2020	930.50	930.50	930.50	930.50	930.50	-
Feb 13, 2020	928.25	928.25	928.25	928.25	928.25	-
Feb 12, 2020	925.00	925.00	925.00	925.00	925.00	-
Feb 11, 2020	928.50	928.50	928.50	928.50	928.50	-
Feb 10, 2020	928.25	928.25	928.25	928.25	928.25	-
Feb 07, 2020	927.50	927.50	927.50	927.50	927.50	-
Feb 06, 2020	931.75	931.75	931.75	931.75	931.75	-
Feb 05, 2020	932.75	932.75	932.75	932.75	932.75	-
Feb 04, 2020	932.75	932.75	932.75	932.75	932.75	-
Feb 03, 2020	929.50	929.50	929.50	929.50	929.50	-
Jan 31, 2020	928.00	928.00	928.00	928.00	928.00	-
Jan 30, 2020	930.50	930.50	930.50	930.50	930.50	-
Jan 29, 2020	935.50	935.50	935.50	935.50	935.50	-
Jan 28, 2020	937.25	937.25	937.25	937.25	937.25	-
Jan 27, 2020	939.25	939.25	939.25	939.25	939.25	-
Jan 24, 2020	937.50	937.50	937.50	937.50	937.50	-
Jan 23, 2020	936.50	936.50	936.50	936.50	936.50	-
Jan 22, 2020	935.25	935.25	935.25	935.25	935.25	-
Jan 21, 2020	935.75	935.75	935.75	935.75	935.75	-
Jan 17, 2020	941.75	941.75	941.75	941.75	941.75	-
Jan 16, 2020	939.50	939.50	939.50	939.50	939.50	-
Jan 15, 2020	938.25	938.25	938.25	938.25	938.25	-
Jan 14, 2020	947.00	947.00	947.00	947.00	947.00	-
Jan 13, 2020	948.25	948.25	948.25	948.25	948.25	-
Jan 10, 2020	953.50	953.50	953.50	953.50	953.50	-
Jan 09, 2020	953.00	953.00	953.00	953.00	953.00	-
Jan 08, 2020	957.50	957.50	957.50	957.50	957.50	-
Jan 07, 2020	957.00	957.00	957.00	957.00	957.00	-
Jan 06, 2020	954.50	954.50	954.50	954.50	954.50	-
Jan 03, 2020	951.50	951.50	951.50	951.50	951.50	-
Jan 02, 2020	955.25	955.25	955.25	955.25	955.25	-