Mar 22, 2022	1,259.00	1,259.00	1,245.00	1,256.25	1,256.25	17
Mar 21, 2022	1,238.00	1,251.00	1,238.00	1,251.00	1,251.00	20
Mar 18, 2022	1,235.75	1,235.75	1,235.75	1,235.75	1,235.75	1
Mar 17, 2022	1,225.25	1,225.25	1,225.25	1,225.25	1,225.25	-
Mar 16, 2022	1,217.00	1,217.00	1,217.00	1,217.00	1,217.00	2
Mar 15, 2022	1,221.75	1,221.75	1,221.75	1,221.75	1,221.75	-
Mar 14, 2022	1,227.75	1,227.75	1,227.75	1,227.75	1,227.75	-
Mar 11, 2022	1,234.75	1,234.75	1,234.75	1,234.75	1,234.75	1
Mar 10, 2022	1,230.00	1,231.00	1,230.00	1,231.00	1,231.00	4
Mar 09, 2022	1,225.00	1,228.50	1,225.00	1,228.50	1,228.50	5
Mar 08, 2022	1,216.50	1,216.50	1,216.50	1,216.50	1,216.50	-
Mar 07, 2022	1,230.00	1,239.00	1,214.25	1,214.25	1,214.25	3
Mar 04, 2022	1,238.00	1,238.00	1,205.50	1,228.75	1,228.75	5
Mar 03, 2022	1,250.00	1,252.75	1,236.50	1,236.50	1,236.50	5
Mar 02, 2022	1,258.00	1,258.00	1,233.00	1,239.50	1,239.50	8
Mar 01, 2022	1,260.00	1,262.00	1,249.25	1,259.50	1,259.50	12
Feb 28, 2022	1,211.25	1,246.00	1,211.25	1,225.75	1,225.75	12
Feb 25, 2022	1,240.75	1,240.75	1,216.75	1,217.25	1,217.25	88
Feb 24, 2022	1,250.00	1,260.00	1,221.25	1,223.00	1,223.00	88
Feb 23, 2022	1,246.50	1,248.25	1,243.00	1,248.25	1,248.25	9
Feb 22, 2022	1,243.00	1,247.50	1,243.00	1,247.50	1,247.50	6
Feb 18, 2022	1,240.00	1,247.00	1,238.50	1,243.75	1,243.75	-
Feb 17, 2022	1,240.25	1,240.25	1,240.25	1,240.25	1,240.25	-
Feb 16, 2022	1,230.00	1,242.00	1,230.00	1,242.00	1,242.00	3
Feb 15, 2022	1,219.50	1,231.75	1,219.50	1,231.75	1,231.75	6
Feb 14, 2022	1,215.00	1,227.00	1,215.00	1,227.00	1,227.00	4
Feb 11, 2022	1,220.25	1,220.25	1,219.75	1,219.75	1,219.75	124
Feb 10, 2022	1,214.00	1,236.00	1,208.50	1,209.75	1,209.75	124
Feb 09, 2022	1,209.75	1,216.25	1,209.25	1,216.25	1,216.25	-
Feb 08, 2022	1,208.75	1,208.75	1,208.75	1,208.75	1,208.75	-
Feb 07, 2022	1,205.00	1,210.00	1,205.00	1,208.00	1,208.00	6
Feb 04, 2022	1,198.00	1,204.75	1,198.00	1,202.75	1,202.75	-
Feb 03, 2022	1,200.25	1,200.25	1,200.25	1,200.25	1,200.25	-
Feb 02, 2022	1,205.00	1,215.00	1,200.00	1,200.00	1,200.00	26
Feb 01, 2022	1,200.00	1,214.00	1,200.00	1,207.25	1,207.25	-
Jan 31, 2022	1,195.25	1,195.25	1,195.25	1,195.25	1,195.25	-
Jan 28, 2022	1,193.50	1,193.50	1,193.50	1,193.50	1,193.50	18
Jan 27, 2022	1,199.00	1,205.00	1,197.50	1,197.50	1,197.50	18
Jan 26, 2022	1,200.00	1,200.00	1,199.25	1,199.25	1,199.25	14
Jan 25, 2022	1,197.25	1,197.25	1,197.25	1,197.25	1,197.25	3
Jan 24, 2022	1,184.00	1,184.00	1,184.00	1,184.00	1,184.00	3
Jan 21, 2022	1,189.50	1,189.50	1,185.00	1,187.50	1,187.50	1
Jan 20, 2022	1,188.00	1,191.50	1,188.00	1,191.50	1,191.50	1
Jan 19, 2022	1,189.25	1,189.25	1,189.25	1,189.25	1,189.25	3
Jan 18, 2022	1,170.00	1,176.25	1,170.00	1,176.25	1,176.25	17
Jan 14, 2022	1,182.00	1,185.00	1,175.25	1,175.75	1,175.75	17
Jan 13, 2022	1,178.00	1,181.75	1,173.25	1,181.75	1,181.75	5
Jan 12, 2022	1,158.50	1,180.00	1,158.50	1,179.25	1,179.25	-
Jan 11, 2022	1,166.00	1,166.00	1,166.00	1,166.00	1,166.00	-
Jan 10, 2022	1,166.00	1,166.00	1,166.00	1,166.00	1,166.00	4
Jan 07, 2022	1,167.00	1,167.75	1,167.00	1,167.75	1,167.75	14
Jan 06, 2022	1,167.00	1,167.00	1,161.00	1,165.25	1,165.25	14
Jan 05, 2022	1,165.25	1,165.25	1,165.25	1,165.25	1,165.25	12
Jan 04, 2022	1,163.00	1,167.00	1,162.00	1,162.00	1,162.00	5
Jan 03, 2022	1,158.00	1,160.00	1,158.00	1,159.25	1,159.25	5
Dec 31, 2021	1,151.75	1,151.75	1,151.75	1,151.75	1,151.75	-
Dec 30, 2021	1,148.00	1,148.00	1,148.00	1,148.00	1,148.00	-
Dec 29, 2021	1,153.00	1,153.00	1,153.00	1,153.00	1,153.00	-
Dec 28, 2021	1,147.00	1,147.00	1,147.00	1,147.00	1,147.00	-
Dec 27, 2021	1,150.50	1,150.50	1,150.50	1,150.50	1,150.50	-
Dec 23, 2021	1,150.00	1,150.00	1,143.25	1,143.25	1,143.25	2
Dec 22, 2021	1,138.00	1,149.25	1,138.00	1,149.25	1,149.25	2
Dec 21, 2021	1,140.50	1,140.50	1,140.50	1,140.50	1,140.50	10
Dec 20, 2021	1,138.00	1,141.00	1,138.00	1,141.00	1,141.00	10
Dec 17, 2021	1,143.00	1,143.00	1,140.00	1,140.00	1,140.00	-
Dec 16, 2021	1,140.00	1,140.00	1,140.00	1,140.00	1,140.00	1
Dec 15, 2021	1,135.00	1,135.00	1,135.00	1,135.00	1,135.00	-
Dec 14, 2021	1,139.50	1,139.50	1,139.50	1,139.50	1,139.50	-
Dec 13, 2021	1,130.50	1,130.50	1,130.50	1,130.50	1,130.50	-
Dec 10, 2021	1,142.75	1,142.75	1,142.75	1,142.75	1,142.75	-
Dec 09, 2021	1,142.25	1,142.25	1,142.25	1,142.25	1,142.25	-
Dec 08, 2021	1,138.75	1,138.75	1,138.75	1,138.75	1,138.75	1
Dec 07, 2021	1,133.00	1,133.00	1,129.25	1,129.25	1,129.25	-
Dec 06, 2021	1,125.50	1,125.50	1,125.50	1,125.50	1,125.50	-
Dec 03, 2021	1,125.50	1,125.50	1,125.50	1,125.50	1,125.50	-
Dec 02, 2021	1,119.75	1,119.75	1,119.75	1,119.75	1,119.75	-
Dec 01, 2021	1,116.00	1,116.50	1,116.00	1,116.50	1,116.50	1
Nov 30, 2021	1,116.00	1,116.00	1,115.25	1,115.25	1,115.25	1
Nov 29, 2021	1,128.25	1,128.25	1,128.25	1,128.25	1,128.25	-
Nov 26, 2021	1,137.50	1,137.50	1,137.50	1,137.50	1,137.50	-
Nov 25, 2021	-	-	-	-	-	-
Nov 24, 2021	1,142.00	1,142.00	1,142.00	1,142.00	1,142.00	-
Nov 23, 2021	1,144.50	1,144.50	1,144.50	1,144.50	1,144.50	-
Nov 22, 2021	1,147.25	1,147.25	1,147.25	1,147.25	1,147.25	-
Nov 19, 2021	1,142.75	1,142.75	1,142.75	1,142.75	1,142.75	-
Nov 18, 2021	1,138.50	1,138.50	1,138.50	1,138.50	1,138.50	-
Nov 17, 2021	1,153.75	1,153.75	1,153.75	1,153.75	1,153.75	-
Nov 16, 2021	1,150.00	1,150.00	1,150.00	1,150.00	1,150.00	-
Nov 15, 2021	1,150.50	1,153.75	1,150.50	1,153.75	1,153.75	1