Mar 22, 2022	1,487.00	1,512.75	1,482.75	1,498.00	1,498.00	20,198
Mar 21, 2022	1,470.00	1,498.00	1,466.25	1,490.00	1,490.00	18,988
Mar 18, 2022	1,467.50	1,480.00	1,455.00	1,466.75	1,466.75	14,945
Mar 17, 2022	1,458.50	1,478.50	1,457.25	1,469.25	1,469.25	13,318
Mar 16, 2022	1,467.00	1,485.00	1,450.50	1,460.25	1,460.25	12,186
Mar 15, 2022	1,481.00	1,481.75	1,453.75	1,467.00	1,467.00	14,949
Mar 14, 2022	1,498.00	1,504.50	1,475.25	1,481.00	1,481.00	16,894
Mar 11, 2022	1,492.00	1,495.25	1,471.75	1,491.00	1,491.00	21,240
Mar 10, 2022	1,471.75	1,498.00	1,462.50	1,492.25	1,492.25	34,377
Mar 09, 2022	1,469.25	1,488.25	1,457.25	1,473.75	1,473.75	27,858
Mar 08, 2022	1,451.75	1,478.75	1,446.75	1,473.25	1,473.25	26,940
Mar 07, 2022	1,464.75	1,472.25	1,435.00	1,453.00	1,453.00	25,438
Mar 04, 2022	1,458.00	1,467.25	1,420.00	1,450.25	1,450.25	40,987
Mar 03, 2022	1,453.00	1,483.50	1,450.00	1,454.00	1,454.00	26,214
Mar 02, 2022	1,475.25	1,486.00	1,442.25	1,452.50	1,452.50	30,197
Mar 01, 2022	1,439.00	1,485.00	1,439.00	1,477.00	1,477.00	29,693
Feb 28, 2022	1,437.75	1,461.75	1,428.75	1,435.75	1,435.75	29,693
Feb 25, 2022	1,450.00	1,480.00	1,403.00	1,415.00	1,415.00	64,351
Feb 24, 2022	1,482.75	1,555.00	1,445.25	1,451.50	1,451.50	64,351
Feb 23, 2022	1,472.00	1,488.00	1,469.25	1,487.50	1,487.50	36,152
Feb 22, 2022	1,464.25	1,483.00	1,458.75	1,473.25	1,473.25	22,411
Feb 18, 2022	1,458.25	1,472.00	1,453.25	1,463.75	1,463.75	22,461
Feb 17, 2022	1,452.50	1,469.75	1,447.50	1,460.75	1,460.75	22,461
Feb 16, 2022	1,431.00	1,456.25	1,425.50	1,455.50	1,455.50	19,517
Feb 15, 2022	1,441.75	1,444.50	1,423.25	1,432.00	1,432.00	22,313
Feb 14, 2022	1,444.75	1,455.75	1,423.00	1,442.50	1,442.50	20,919
Feb 11, 2022	1,428.00	1,457.50	1,426.00	1,444.00	1,444.00	55,201
Feb 10, 2022	1,435.00	1,469.75	1,423.00	1,432.00	1,432.00	55,201
Feb 09, 2022	1,411.25	1,438.75	1,408.50	1,437.50	1,437.50	25,176
Feb 08, 2022	1,416.00	1,419.00	1,403.25	1,413.00	1,413.00	25,176
Feb 07, 2022	1,402.50	1,424.50	1,400.00	1,416.00	1,416.00	36,521
Feb 04, 2022	1,390.00	1,400.00	1,387.75	1,395.75	1,395.75	26,387
Feb 03, 2022	1,386.00	1,399.75	1,378.25	1,392.75	1,392.75	26,387
Feb 02, 2022	1,379.50	1,399.00	1,376.25	1,389.75	1,389.75	37,560
Feb 01, 2022	1,366.25	1,389.00	1,362.25	1,382.00	1,382.00	19,187
Jan 31, 2022	1,351.50	1,369.25	1,351.50	1,367.00	1,367.00	28,087
Jan 28, 2022	1,335.25	1,360.00	1,333.00	1,351.50	1,351.50	25,048
Jan 27, 2022	1,330.00	1,347.25	1,325.50	1,338.00	1,338.00	25,048
Jan 26, 2022	1,316.75	1,338.25	1,308.75	1,334.00	1,334.00	21,763
Jan 25, 2022	1,308.00	1,323.00	1,300.75	1,318.50	1,318.50	11,584
Jan 24, 2022	1,316.00	1,321.00	1,292.50	1,307.50	1,307.50	11,584
Jan 21, 2022	1,315.00	1,321.75	1,305.50	1,316.25	1,316.25	26,703
Jan 20, 2022	1,302.00	1,325.00	1,299.50	1,320.25	1,320.25	26,703
Jan 19, 2022	1,285.25	1,305.50	1,285.00	1,304.50	1,304.50	16,160
Jan 18, 2022	1,284.50	1,293.25	1,276.00	1,284.00	1,284.00	12,571
Jan 14, 2022	1,303.50	1,303.50	1,290.50	1,293.00	1,293.00	12,571
Jan 13, 2022	1,310.00	1,311.25	1,293.25	1,304.50	1,304.50	19,711
Jan 12, 2022	1,295.00	1,313.00	1,280.00	1,312.50	1,312.50	15,668
Jan 11, 2022	1,301.50	1,306.00	1,285.75	1,300.00	1,300.00	17,432
Jan 10, 2022	1,316.75	1,317.50	1,294.25	1,300.50	1,300.50	21,945
Jan 07, 2022	1,306.25	1,322.50	1,297.75	1,321.75	1,321.75	18,488
Jan 06, 2022	1,301.25	1,307.75	1,287.75	1,306.50	1,306.50	18,488
Jan 05, 2022	1,298.75	1,304.75	1,290.25	1,304.00	1,304.00	20,858
Jan 04, 2022	1,283.50	1,301.25	1,280.00	1,299.50	1,299.50	10,384
Jan 03, 2022	1,275.50	1,289.50	1,274.00	1,283.75	1,283.75	10,384
Dec 31, 2021	1,264.50	1,275.75	1,264.25	1,269.25	1,269.25	10,821
Dec 30, 2021	1,279.50	1,280.25	1,262.75	1,265.75	1,265.75	10,821
Dec 29, 2021	1,270.00	1,280.50	1,265.00	1,280.00	1,280.00	9,165
Dec 28, 2021	1,273.00	1,283.00	1,267.75	1,272.25	1,272.25	17,026
Dec 27, 2021	1,267.50	1,278.75	1,264.00	1,277.25	1,277.25	17,026
Dec 23, 2021	1,260.75	1,269.50	1,258.25	1,265.00	1,265.00	16,685
Dec 22, 2021	1,253.25	1,266.75	1,252.25	1,263.25	1,263.25	16,685
Dec 21, 2021	1,247.50	1,261.75	1,243.50	1,254.50	1,254.50	6,632
Dec 20, 2021	1,247.00	1,251.25	1,238.75	1,248.75	1,248.75	6,632
Dec 17, 2021	1,244.00	1,254.00	1,242.25	1,246.75	1,246.75	9,701
Dec 16, 2021	1,240.00	1,252.50	1,236.50	1,246.25	1,246.25	6,407
Dec 15, 2021	1,243.00	1,245.00	1,230.00	1,240.75	1,240.75	5,842
Dec 14, 2021	1,231.00	1,247.50	1,225.50	1,243.00	1,243.00	6,499
Dec 13, 2021	1,249.25	1,249.25	1,230.00	1,230.50	1,230.50	5,789
Dec 10, 2021	1,247.00	1,254.75	1,240.50	1,248.75	1,248.75	6,732
Dec 09, 2021	1,243.00	1,248.75	1,230.25	1,247.75	1,247.75	6,542
Dec 08, 2021	1,231.25	1,244.75	1,224.00	1,244.00	1,244.00	6,691
Dec 07, 2021	1,232.75	1,240.50	1,226.75	1,231.75	1,231.75	3,560
Dec 06, 2021	1,235.25	1,237.50	1,226.25	1,233.25	1,233.25	6,755
Dec 03, 2021	1,220.00	1,237.75	1,220.00	1,234.00	1,234.00	6,755
Dec 02, 2021	1,214.00	1,232.25	1,208.00	1,219.25	1,219.25	9,736
Dec 01, 2021	1,210.75	1,219.75	1,204.75	1,214.00	1,214.00	9,317
Nov 30, 2021	1,228.25	1,231.75	1,206.00	1,209.00	1,209.00	9,317
Nov 29, 2021	1,245.00	1,252.50	1,227.00	1,229.00	1,229.00	5,489
Nov 26, 2021	1,240.00	1,242.00	1,232.50	1,240.25	1,240.25	4,419
Nov 25, 2021	-	-	-	-	-	-
Nov 24, 2021	1,253.50	1,259.25	1,246.25	1,249.75	1,249.75	4,419
Nov 23, 2021	1,253.75	1,257.75	1,246.25	1,253.50	1,253.50	4,992
Nov 22, 2021	1,249.50	1,260.75	1,245.75	1,256.00	1,256.00	4,992
Nov 19, 2021	1,247.00	1,254.50	1,241.25	1,250.50	1,250.50	8,079
Nov 18, 2021	1,259.25	1,263.25	1,246.75	1,248.75	1,248.75	8,079
Nov 17, 2021	1,244.75	1,268.50	1,243.25	1,262.75	1,262.75	14,448
Nov 16, 2021	1,248.75	1,249.75	1,242.50	1,245.25	1,245.25	5,595
Nov 15, 2021	1,237.00	1,250.00	1,234.00	1,249.25	1,249.25	9,540
Nov 12, 2021	1,225.00	1,244.00	1,222.00	1,240.25	1,240.25	5,583
Nov 11, 2021	1,223.50	1,231.50	1,219.00	1,225.00	1,225.00	5,583
Nov 10, 2021	1,219.75	1,227.75	1,216.25	1,224.25	1,224.25	6,465
Nov 09, 2021	1,200.00	1,241.50	1,192.25	1,220.75	1,220.75	13,308
Nov 08, 2021	1,207.75	1,212.50	1,196.00	1,201.75	1,201.75	10,116
Nov 05, 2021	1,221.00	1,224.00	1,206.00	1,210.50	1,210.50	4,541
Nov 04, 2021	1,237.25	1,243.50	1,218.00	1,222.50	1,222.50	5,156
Nov 03, 2021	1,246.00	1,249.00	1,235.75	1,239.25	1,239.25	5,156
Nov 02, 2021	1,237.50	1,249.00	1,235.00	1,248.00	1,248.00	5,592
Nov 01, 2021	1,238.50	1,247.50	1,230.50	1,239.75	1,239.75	6,004
Oct 29, 2021	1,235.25	1,245.75	1,233.25	1,240.50	1,240.50	6,648
Oct 28, 2021	1,235.75	1,245.00	1,233.00	1,238.00	1,238.00	6,371
Oct 27, 2021	1,231.75	1,248.75	1,226.00	1,238.00	1,238.00	4,928
Oct 26, 2021	1,233.50	1,241.75	1,230.25	1,234.50	1,234.50	5,581
Oct 25, 2021	1,221.25	1,236.00	1,218.50	1,234.00	1,234.00	5,581
Oct 22, 2021	1,227.00	1,232.75	1,221.50	1,223.75	1,223.75	5,843
Oct 21, 2021	1,247.25	1,250.00	1,227.50	1,229.75	1,229.75	5,843
Oct 20, 2021	1,229.00	1,250.00	1,228.00	1,248.75	1,248.75	5,041
Oct 19, 2021	1,221.00	1,239.25	1,220.25	1,230.75	1,230.75	5,041
Oct 18, 2021	1,221.25	1,227.50	1,212.25	1,224.50	1,224.50	3,628
Oct 15, 2021	1,208.75	1,224.50	1,208.75	1,222.25	1,222.25	5,682
Oct 14, 2021	1,206.50	1,213.00	1,204.25	1,211.75	1,211.75	5,682
Oct 13, 2021	1,215.75	1,229.00	1,202.50	1,208.75	1,208.75	7,686
Oct 12, 2021	1,235.00	1,240.00	1,212.50	1,216.25	1,216.25	8,742
Oct 11, 2021	1,246.00	1,257.25	1,236.25	1,237.75	1,237.75	5,200
Oct 08, 2021	1,252.00	1,265.25	1,247.50	1,249.25	1,249.25	9,470
Oct 07, 2021	1,245.00	1,254.75	1,238.75	1,254.00	1,254.00	9,235
Oct 06, 2021	1,247.50	1,252.75	1,240.75	1,245.00	1,245.00	7,111
Oct 05, 2021	1,232.50	1,253.50	1,231.00	1,248.00	1,248.00	9,254
Oct 04, 2021	1,235.25	1,244.00	1,230.75	1,236.75	1,236.75	8,818
Oct 01, 2021	1,241.75	1,249.50	1,233.75	1,239.75	1,239.75	9,368
Sep 30, 2021	1,252.00	1,262.00	1,235.50	1,243.75	1,243.75	9,368
Sep 29, 2021	1,249.00	1,258.50	1,248.00	1,254.50	1,254.50	2,962
Sep 28, 2021	1,260.00	1,260.00	1,249.00	1,251.25	1,251.25	4,451
Sep 27, 2021	1,253.00	1,267.25	1,251.75	1,260.75	1,260.75	4,451
Sep 24, 2021	1,252.50	1,256.75	1,248.00	1,254.25	1,254.25	2,083
Sep 23, 2021	1,250.00	1,256.00	1,244.50	1,254.50	1,254.50	2,083
Sep 22, 2021	1,249.25	1,254.75	1,243.50	1,252.00	1,252.00	3,548
Sep 21, 2021	1,240.00	1,250.25	1,235.75	1,249.00	1,249.00	1,733
Sep 20, 2021	1,255.25	1,255.25	1,236.25	1,240.00	1,240.00	2,686
Sep 17, 2021	1,259.25	1,262.50	1,248.25	1,255.75	1,255.75	2,443
Sep 16, 2021	1,262.50	1,270.00	1,258.50	1,262.50	1,262.50	2,443
Sep 15, 2021	1,255.00	1,265.75	1,251.50	1,264.75	1,264.75	3,749
Sep 14, 2021	1,256.75	1,265.00	1,254.00	1,256.25	1,256.25	2,373
Sep 13, 2021	1,258.50	1,262.50	1,250.50	1,258.00	1,258.00	1,355
Sep 10, 2021	1,238.50	1,268.50	1,238.25	1,257.50	1,257.50	4,501
Sep 09, 2021	1,246.25	1,252.00	1,239.00	1,240.50	1,240.50	2,574
Sep 08, 2021	1,249.75	1,255.25	1,242.50	1,247.00	1,247.00	1,753
Sep 07, 2021	1,256.75	1,267.00	1,246.75	1,247.75	1,247.75	1,753
Sep 03, 2021	1,251.00	1,264.00	1,249.25	1,259.50	1,259.50	2,059
Sep 02, 2021	1,251.75	1,257.50	1,246.25	1,253.50	1,253.50	1,390
Sep 01, 2021	1,260.75	1,264.75	1,246.00	1,252.75	1,252.75	2,330
Aug 31, 2021	1,257.00	1,267.00	1,252.00	1,262.75	1,262.75	2,905
Aug 30, 2021	1,267.75	1,273.25	1,253.00	1,260.25	1,260.25	1,716
Aug 27, 2021	1,265.50	1,267.50	1,257.50	1,267.25	1,267.25	2,156
Aug 26, 2021	1,276.00	1,278.50	1,264.25	1,269.00	1,269.00	2,099
Aug 25, 2021	1,265.00	1,289.50	1,260.00	1,279.50	1,279.50	4,444
Aug 24, 2021	1,240.25	1,270.25	1,238.25	1,267.50	1,267.50	1,714
Aug 23, 2021	1,220.50	1,243.50	1,220.00	1,238.75	1,238.75	1,652
Aug 20, 2021	1,239.75	1,252.50	1,216.00	1,226.50	1,226.50	2,420
Aug 19, 2021	1,260.00	1,260.00	1,234.50	1,240.75	1,240.75	1,603
Aug 18, 2021	1,261.00	1,265.00	1,254.75	1,261.50	1,261.50	1,184
Aug 17, 2021	1,262.50	1,270.00	1,256.75	1,261.00	1,261.00	1,268
Aug 16, 2021	1,255.50	1,265.25	1,254.00	1,262.50	1,262.50	1,322
Aug 13, 2021	1,244.25	1,262.25	1,241.50	1,256.75	1,256.75	2,308
Aug 12, 2021	1,250.25	1,272.00	1,240.50	1,249.75	1,249.75	2,760
Aug 11, 2021	1,249.25	1,264.25	1,246.75	1,253.25	1,253.25	1,436
Aug 10, 2021	1,251.00	1,264.00	1,249.25	1,251.00	1,251.00	2,304
Aug 09, 2021	1,256.25	1,264.50	1,250.00	1,253.25	1,253.25	1,111
Aug 06, 2021	1,250.00	1,260.00	1,245.75	1,258.25	1,258.25	674
Aug 05, 2021	1,250.00	1,261.50	1,244.50	1,251.25	1,251.25	674
Aug 04, 2021	1,250.00	1,256.50	1,245.75	1,253.25	1,253.25	1,349
Aug 03, 2021	1,258.00	1,262.25	1,236.75	1,248.75	1,248.75	1,349
Aug 02, 2021	1,255.00	1,266.50	1,245.75	1,265.00	1,265.00	990
Jul 30, 2021	1,268.00	1,269.00	1,247.00	1,253.75	1,253.75	1,508
Jul 29, 2021	1,256.00	1,272.50	1,252.25	1,268.75	1,268.75	947
Jul 28, 2021	1,256.50	1,261.75	1,249.00	1,256.25	1,256.25	1,003
Jul 27, 2021	1,259.00	1,277.00	1,250.25	1,253.00	1,253.00	1,000
Jul 26, 2021	1,243.50	1,261.50	1,237.25	1,258.25	1,258.25	913
Jul 23, 2021	1,257.75	1,259.25	1,244.25	1,249.50	1,249.50	1,034
Jul 22, 2021	1,274.00	1,274.00	1,237.25	1,255.00	1,255.00	962
Jul 21, 2021	1,276.00	1,280.25	1,262.75	1,274.25	1,274.25	936
Jul 20, 2021	1,265.00	1,285.00	1,263.00	1,274.50	1,274.50	829
Jul 19, 2021	1,284.75	1,290.00	1,258.00	1,264.75	1,264.75	1,283
Jul 16, 2021	1,273.00	1,286.75	1,268.50	1,275.50	1,275.50	873
Jul 15, 2021	1,277.00	1,280.25	1,267.50	1,271.75	1,271.75	784
Jul 14, 2021	1,250.00	1,277.50	1,250.00	1,277.50	1,277.50	924
Jul 13, 2021	1,249.00	1,262.00	1,247.25	1,253.25	1,253.25	789
Jul 12, 2021	1,226.75	1,251.00	1,226.75	1,250.25	1,250.25	871
Jul 09, 2021	1,220.75	1,232.75	1,212.50	1,231.50	1,231.50	1,135
Jul 08, 2021	1,226.75	1,232.75	1,215.50	1,221.00	1,221.00	469
Jul 07, 2021	1,205.00	1,230.50	1,201.50	1,221.75	1,221.75	635
Jul 06, 2021	1,255.00	1,255.00	1,191.00	1,200.25	1,200.25	985
Jul 02, 2021	1,260.50	1,277.25	1,258.50	1,271.00	1,271.00	907
Jul 01, 2021	1,264.00	1,292.00	1,250.75	1,266.75	1,266.75	1,153
Jun 30, 2021	1,230.00	1,294.00	1,212.25	1,270.00	1,270.00	3,203
Jun 29, 2021	1,237.25	1,243.25	1,219.25	1,231.00	1,231.00	843
Jun 28, 2021	1,195.00	1,240.00	1,195.00	1,233.00	1,233.00	646
Jun 25, 2021	1,214.75	1,223.00	1,191.75	1,197.00	1,197.00	671
Jun 24, 2021	1,213.25	1,217.00	1,186.50	1,215.50	1,215.50	1,128
Jun 23, 2021	1,207.00	1,219.00	1,204.25	1,217.50	1,217.50	993
Jun 22, 2021	1,224.00	1,229.25	1,205.00	1,207.50	1,207.50	581
Jun 21, 2021	1,191.00	1,227.75	1,184.25	1,224.00	1,224.00	534
Jun 18, 2021	1,155.00	1,219.75	1,155.00	1,210.50	1,210.50	1,251
Jun 17, 2021	1,213.50	1,222.50	1,150.25	1,161.75	1,161.75	1,072
Jun 16, 2021	1,245.75	1,254.50	1,217.75	1,223.00	1,223.00	480
Jun 15, 2021	1,268.00	1,268.50	1,241.25	1,244.50	1,244.50	459
Jun 14, 2021	1,281.25	1,283.75	1,255.00	1,261.75	1,261.75	543
Jun 11, 2021	1,300.00	1,302.00	1,274.50	1,293.50	1,293.50	801
Jun 10, 2021	1,302.50	1,309.00	1,288.75	1,300.25	1,300.25	1,020
Jun 09, 2021	1,309.00	1,309.00	1,295.00	1,305.25	1,305.25	929
Jun 08, 2021	1,306.75	1,313.75	1,300.25	1,309.25	1,309.25	1,416
Jun 07, 2021	1,300.00	1,310.00	1,286.50	1,302.50	1,302.50	2,186
Jun 04, 2021	1,289.00	1,300.00	1,288.75	1,294.50	1,294.50	1,677
Jun 03, 2021	1,285.50	1,299.00	1,280.75	1,290.75	1,290.75	1,299
Jun 02, 2021	1,269.00	1,288.00	1,267.50	1,285.75	1,285.75	1,284
Jun 01, 2021	1,264.00	1,282.75	1,256.25	1,269.75	1,269.75	1,127
May 28, 2021	1,252.00	1,267.75	1,249.00	1,253.75	1,253.75	541
May 27, 2021	1,226.75	1,260.50	1,221.50	1,255.75	1,255.75	1,540
May 26, 2021	1,217.25	1,230.00	1,208.50	1,227.25	1,227.25	810
May 25, 2021	1,226.50	1,233.50	1,211.50	1,220.00	1,220.00	589
May 24, 2021	1,216.00	1,226.50	1,206.00	1,226.50	1,226.50	340
May 21, 2021	1,238.00	1,238.50	1,221.25	1,223.25	1,223.25	459
May 20, 2021	1,235.75	1,244.25	1,225.50	1,237.25	1,237.25	506
May 19, 2021	1,247.25	1,247.50	1,217.50	1,235.75	1,235.75	897
May 18, 2021	1,239.00	1,253.75	1,239.00	1,246.75	1,246.75	310
May 17, 2021	1,237.75	1,241.75	1,226.00	1,238.50	1,238.50	498
May 14, 2021	1,229.50	1,247.50	1,227.25	1,237.75	1,237.75	1,093
May 13, 2021	1,250.00	1,252.00	1,210.25	1,233.00	1,233.00	1,093
May 12, 2021	1,263.00	1,280.00	1,244.00	1,252.00	1,252.00	819
May 11, 2021	1,260.00	1,276.00	1,255.00	1,267.75	1,267.75	819
May 10, 2021	1,264.25	1,269.25	1,255.00	1,263.25	1,263.25	655
May 07, 2021	1,265.50	1,284.50	1,260.75	1,273.75	1,273.75	1,506
May 06, 2021	1,253.00	1,274.75	1,251.25	1,264.50	1,264.50	1,195
May 05, 2021	1,231.25	1,251.75	1,230.00	1,250.25	1,250.25	1,214
May 04, 2021	1,215.75	1,233.00	1,215.75	1,231.50	1,231.50	885
May 03, 2021	1,221.00	1,234.00	1,210.00	1,217.25	1,217.25	673
Apr 30, 2021	1,202.25	1,221.25	1,201.00	1,218.50	1,218.50	965
Apr 29, 2021	1,200.25	1,210.25	1,200.25	1,205.50	1,205.50	353
Apr 28, 2021	1,210.00	1,225.00	1,195.75	1,208.25	1,208.25	849
Apr 27, 2021	1,220.00	1,240.50	1,208.75	1,216.00	1,216.00	1,062
Apr 26, 2021	1,195.50	1,225.00	1,195.50	1,222.25	1,222.25	1,082
Apr 23, 2021	1,190.00	1,203.00	1,185.50	1,195.50	1,195.50	1,071
Apr 22, 2021	1,171.25	1,199.00	1,171.25	1,194.50	1,194.50	1,090
Apr 21, 2021	1,165.50	1,181.00	1,165.50	1,172.25	1,172.25	866
Apr 20, 2021	1,154.00	1,171.75	1,154.00	1,167.25	1,167.25	1,014
Apr 19, 2021	1,155.00	1,160.00	1,151.00	1,154.75	1,154.75	440
Apr 16, 2021	1,149.75	1,157.75	1,149.25	1,153.75	1,153.75	228
Apr 15, 2021	1,143.75	1,149.75	1,143.75	1,147.50	1,147.50	604
Apr 14, 2021	1,141.50	1,149.50	1,140.50	1,146.50	1,146.50	285
Apr 13, 2021	1,138.00	1,148.00	1,136.50	1,137.75	1,137.75	207
Apr 12, 2021	1,146.00	1,146.00	1,129.25	1,138.00	1,138.00	278
Apr 09, 2021	1,145.75	1,147.75	1,140.00	1,144.00	1,144.00	286
Apr 08, 2021	1,143.50	1,147.50	1,140.50	1,146.25	1,146.25	264
Apr 07, 2021	1,141.75	1,147.00	1,138.50	1,144.25	1,144.25	273
Apr 06, 2021	1,142.00	1,150.00	1,141.00	1,143.75	1,143.75	265
Apr 05, 2021	1,134.75	1,144.25	1,130.50	1,142.00	1,142.00	954
Apr 01, 2021	1,154.25	1,164.00	1,129.00	1,133.00	1,133.00	1,350
Mar 31, 2021	1,103.50	1,173.25	1,103.50	1,152.25	1,152.25	3,991
Mar 30, 2021	1,117.50	1,117.75	1,103.50	1,105.75	1,105.75	506
Mar 29, 2021	1,116.25	1,128.25	1,115.25	1,117.75	1,117.75	299
Mar 26, 2021	1,118.00	1,127.00	1,113.75	1,119.25	1,119.25	712
Mar 25, 2021	1,126.25	1,126.25	1,115.00	1,116.75	1,116.75	199
Mar 24, 2021	1,117.75	1,129.00	1,117.75	1,128.75	1,128.75	397
Mar 23, 2021	1,115.25	1,127.25	1,113.50	1,119.25	1,119.25	618
Mar 22, 2021	1,115.50	1,118.75	1,109.75	1,113.25	1,113.25	282
Mar 19, 2021	1,111.00	1,125.00	1,110.50	1,118.50	1,118.50	237
Mar 18, 2021	1,131.50	1,131.50	1,112.00	1,112.75	1,112.75	653
Mar 17, 2021	1,146.00	1,146.00	1,133.50	1,135.75	1,135.75	252
Mar 16, 2021	1,144.00	1,148.25	1,138.25	1,146.75	1,146.75	158
Mar 15, 2021	1,138.00	1,149.75	1,137.50	1,145.75	1,145.75	299
Mar 12, 2021	1,143.00	1,148.50	1,137.75	1,146.50	1,146.50	406
Mar 11, 2021	1,128.75	1,150.75	1,122.00	1,145.25	1,145.25	903
Mar 10, 2021	1,140.00	1,140.50	1,118.00	1,129.50	1,129.50	840
Mar 09, 2021	1,136.25	1,142.25	1,125.25	1,140.50	1,140.50	353
Mar 08, 2021	1,129.50	1,139.25	1,127.50	1,135.00	1,135.00	440
Mar 05, 2021	1,112.75	1,127.75	1,107.75	1,127.25	1,127.25	640
Mar 04, 2021	1,099.00	1,115.00	1,096.00	1,115.00	1,115.00	611
Mar 03, 2021	1,091.75	1,100.50	1,089.00	1,099.25	1,099.25	212
Mar 02, 2021	1,087.75	1,101.75	1,087.00	1,098.75	1,098.75	258
Mar 01, 2021	1,097.50	1,102.00	1,090.00	1,095.00	1,095.00	348
Feb 26, 2021	1,098.00	1,099.00	1,086.50	1,093.50	1,093.50	242
Feb 25, 2021	1,104.00	1,113.00	1,097.50	1,103.25	1,103.25	500
Feb 24, 2021	1,099.00	1,108.00	1,097.75	1,105.00	1,105.00	187
Feb 23, 2021	1,087.75	1,102.00	1,087.75	1,099.75	1,099.75	673
Feb 22, 2021	1,085.00	1,091.00	1,083.00	1,090.50	1,090.50	263
Feb 19, 2021	1,074.00	1,085.00	1,071.00	1,080.50	1,080.50	306
Feb 18, 2021	1,072.00	1,078.00	1,069.00	1,075.00	1,075.00	508
Feb 17, 2021	1,075.25	1,077.00	1,067.50	1,072.50	1,072.50	117
Feb 16, 2021	1,065.00	1,075.00	1,065.00	1,074.25	1,074.25	272
Feb 12, 2021	1,058.25	1,068.25	1,058.25	1,062.50	1,062.50	102
Feb 11, 2021	1,053.00	1,069.00	1,050.00	1,061.00	1,061.00	159
Feb 10, 2021	1,066.00	1,066.00	1,050.00	1,055.50	1,055.50	211
Feb 09, 2021	1,059.00	1,069.00	1,056.00	1,065.00	1,065.00	478
Feb 08, 2021	1,048.00	1,057.25	1,048.00	1,054.75	1,054.75	297
Feb 05, 2021	1,038.00	1,046.75	1,038.00	1,040.00	1,040.00	211
Feb 04, 2021	1,031.75	1,038.00	1,030.50	1,036.75	1,036.75	222
Feb 03, 2021	1,021.75	1,032.00	1,018.00	1,029.00	1,029.00	188
Feb 02, 2021	1,030.50	1,031.25	1,021.00	1,027.00	1,027.00	122
Feb 01, 2021	1,022.00	1,036.50	1,017.50	1,027.00	1,027.00	622
Jan 29, 2021	1,011.00	1,021.75	1,008.75	1,017.50	1,017.50	265
Jan 28, 2021	1,019.00	1,028.00	1,006.25	1,007.75	1,007.75	274
Jan 27, 2021	1,031.25	1,037.00	1,020.00	1,022.75	1,022.75	311
Jan 26, 2021	1,019.00	1,031.00	1,007.50	1,028.50	1,028.50	277
Jan 25, 2021	1,002.25	1,020.50	994.00	1,016.75	1,016.75	400
Jan 22, 2021	1,035.00	1,035.00	999.00	1,002.25	1,002.25	731
Jan 21, 2021	1,037.75	1,047.75	1,035.00	1,036.25	1,036.25	102
Jan 20, 2021	1,052.75	1,053.00	1,036.75	1,038.50	1,038.50	339
Jan 19, 2021	1,056.00	1,060.75	1,050.25	1,058.00	1,058.00	308
Jan 15, 2021	1,051.75	1,061.75	1,051.75	1,059.25	1,059.25	271
Jan 14, 2021	1,042.00	1,061.00	1,042.00	1,054.75	1,054.75	291
Jan 13, 2021	1,033.25	1,049.00	1,024.00	1,042.25	1,042.25	471
Jan 12, 2021	1,048.75	1,054.25	1,030.75	1,038.50	1,038.50	761
Jan 11, 2021	1,061.00	1,072.75	1,043.25	1,048.75	1,048.75	824
Jan 08, 2021	1,057.25	1,074.00	1,053.75	1,063.00	1,063.00	497
Jan 07, 2021	1,055.00	1,063.50	1,049.00	1,057.50	1,057.50	217
Jan 06, 2021	1,047.00	1,061.25	1,045.00	1,055.00	1,055.00	556
Jan 05, 2021	1,030.25	1,051.00	1,030.25	1,043.50	1,043.50	434
Jan 04, 2021	1,019.75	1,039.00	1,019.75	1,023.00	1,023.00	401
Dec 31, 2020	1,010.00	1,019.50	1,006.75	1,017.50	1,017.50	129
Dec 30, 2020	999.25	1,014.50	999.25	1,012.00	1,012.00	191
Dec 29, 2020	1,001.50	1,007.75	1,001.50	1,006.25	1,006.25	143
Dec 28, 2020	997.25	1,002.00	992.50	999.75	999.75	136
Dec 24, 2020	998.50	1,001.00	995.00	996.25	996.25	132
Dec 23, 2020	1,004.00	1,009.50	995.50	997.50	997.50	343
Dec 22, 2020	1,007.00	1,012.00	1,004.00	1,004.25	1,004.25	249
Dec 21, 2020	1,001.50	1,007.50	994.25	1,007.50	1,007.50	189
Dec 18, 2020	998.00	1,003.75	993.50	999.00	999.00	121
Dec 17, 2020	993.00	999.50	992.50	998.75	998.75	70
Dec 16, 2020	997.50	1,000.00	993.25	993.75	993.75	236
Dec 15, 2020	997.00	999.75	994.75	999.25	999.25	169
Dec 14, 2020	995.00	998.75	995.00	998.75	998.75	239
Dec 11, 2020	988.50	994.25	987.00	994.25	994.25	88
Dec 10, 2020	988.50	997.75	986.00	988.50	988.50	170
Dec 09, 2020	984.25	989.50	984.00	989.25	989.25	72
Dec 08, 2020	982.25	985.00	977.00	983.25	983.25	101
Dec 07, 2020	974.00	985.00	970.50	983.25	983.25	131
Dec 04, 2020	974.50	978.00	973.25	977.25	977.25	213
Dec 03, 2020	974.25	978.00	970.00	976.75	976.75	461
Dec 02, 2020	970.25	972.00	960.00	969.25	969.25	368
Dec 01, 2020	977.00	981.75	970.25	972.75	972.75	204
Nov 30, 2020	992.75	993.00	976.25	977.00	977.00	305
Nov 27, 2020	984.00	992.75	984.00	991.75	991.75	45
Nov 25, 2020	990.50	992.75	985.00	985.50	985.50	364
Nov 24, 2020	985.25	991.50	979.50	990.50	990.50	184
Nov 23, 2020	994.50	994.50	987.50	989.50	989.50	108
Nov 20, 2020	989.75	993.00	985.00	985.50	985.50	89
Nov 19, 2020	982.00	987.00	977.75	987.00	987.00	117
Nov 18, 2020	982.00	989.25	982.00	986.50	986.50	138
Nov 17, 2020	980.50	985.75	979.50	983.25	983.25	99
Nov 16, 2020	977.25	981.50	975.50	980.75	980.75	153
Nov 13, 2020	966.00	980.00	965.50	976.00	976.00	283
Nov 12, 2020	967.00	969.00	965.00	967.75	967.75	116
Nov 11, 2020	957.00	968.50	955.50	967.25	967.25	112
Nov 10, 2020	949.00	966.00	949.00	958.50	958.50	96
Nov 09, 2020	951.25	957.50	948.75	949.75	949.75	34
Nov 06, 2020	950.00	951.25	947.75	950.25	950.25	97
Nov 05, 2020	935.75	950.00	935.75	948.25	948.25	234
Nov 04, 2020	923.75	941.00	920.50	937.50	937.50	776
Nov 03, 2020	921.00	925.00	921.00	923.75	923.75	139
Nov 02, 2020	914.00	920.50	914.00	919.00	919.00	107
Oct 30, 2020	907.75	916.50	907.75	915.75	915.75	123
Oct 29, 2020	910.25	911.75	908.25	909.25	909.25	82
Oct 28, 2020	917.00	919.75	907.25	908.25	908.25	129
Oct 27, 2020	920.00	922.25	918.25	918.75	918.75	90
Oct 26, 2020	918.00	921.75	917.25	919.50	919.50	27
Oct 23, 2020	917.50	924.00	916.25	921.25	921.25	276
Oct 22, 2020	919.00	924.25	917.00	920.75	920.75	168
Oct 21, 2020	918.75	921.50	918.75	920.00	920.00	131
Oct 20, 2020	916.50	918.00	916.50	917.75	917.75	3
Oct 19, 2020	912.00	915.50	911.25	912.50	912.50	64
Oct 16, 2020	913.00	919.25	911.75	912.00	912.00	132
Oct 15, 2020	911.25	912.00	906.75	911.25	911.25	168
Oct 14, 2020	913.75	915.00	910.25	911.25	911.25	150
Oct 13, 2020	909.50	912.75	909.00	912.25	912.25	145
Oct 12, 2020	910.50	915.00	907.00	908.25	908.25	140
Oct 09, 2020	904.75	910.25	904.75	910.00	910.00	176
Oct 08, 2020	905.50	908.00	901.00	902.50	902.50	213
Oct 07, 2020	907.25	912.75	903.00	903.25	903.25	130
Oct 06, 2020	902.75	910.75	902.75	907.25	907.25	251
Oct 05, 2020	903.00	903.75	900.00	902.00	902.00	143
Oct 02, 2020	905.00	907.75	900.50	902.00	902.00	351
Oct 01, 2020	907.75	913.75	905.00	906.00	906.00	237
Sep 30, 2020	900.50	920.00	900.00	911.00	911.00	163
Sep 29, 2020	905.50	905.50	897.25	903.00	903.00	250
Sep 28, 2020	911.75	911.75	902.25	902.75	902.75	116
Sep 25, 2020	911.00	913.50	909.25	909.25	909.25	138
Sep 24, 2020	912.00	914.25	909.75	912.25	912.25	157
Sep 23, 2020	910.25	916.25	910.00	912.00	912.00	164
Sep 22, 2020	919.50	925.75	911.50	911.50	911.50	127
Sep 21, 2020	923.50	924.75	914.25	919.50	919.50	125
Sep 18, 2020	929.75	936.25	925.75	925.75	925.75	261
Sep 17, 2020	926.00	927.75	921.75	924.25	924.25	129
Sep 16, 2020	921.50	931.25	921.50	924.50	924.50	137
Sep 15, 2020	925.75	928.00	921.25	924.50	924.50	97
Sep 14, 2020	921.50	926.75	920.00	924.50	924.50	107
Sep 11, 2020	927.00	928.25	914.25	918.75	918.75	201
Sep 10, 2020	921.50	922.50	920.50	922.50	922.50	38
Sep 09, 2020	925.00	928.50	924.50	926.25	926.25	174
Sep 08, 2020	929.00	930.75	922.25	925.75	925.75	31
Sep 04, 2020	923.75	925.50	923.00	924.00	924.00	65
Sep 03, 2020	926.00	926.00	922.25	922.25	922.25	8
Sep 02, 2020	919.75	927.25	919.75	927.25	927.25	16
Sep 01, 2020	916.50	920.00	916.50	917.25	917.25	13
Aug 31, 2020	912.50	917.50	909.75	911.50	911.50	70
Aug 28, 2020	902.25	909.00	902.25	909.00	909.00	55
Aug 27, 2020	903.50	908.50	901.00	902.50	902.50	75
Aug 26, 2020	903.00	903.00	899.00	899.00	899.00	29
Aug 25, 2020	898.25	903.00	898.25	903.00	903.00	38
Aug 24, 2020	888.50	896.25	885.00	894.25	894.25	17
Aug 21, 2020	896.00	896.00	889.25	892.75	892.75	29
Aug 20, 2020	896.00	896.00	890.50	893.25	893.25	22
Aug 19, 2020	899.75	900.00	895.50	895.75	895.75	77
Aug 18, 2020	899.50	900.50	895.25	897.50	897.50	50
Aug 17, 2020	897.75	900.00	897.50	897.50	897.50	36
Aug 14, 2020	893.75	893.75	886.50	888.25	888.25	154
Aug 13, 2020	895.00	896.00	887.25	891.25	891.25	213
Aug 12, 2020	885.00	886.25	883.75	886.25	886.25	64
Aug 11, 2020	883.75	883.75	882.00	882.00	882.00	64
Aug 10, 2020	885.50	885.50	885.00	885.00	885.00	2
Aug 07, 2020	888.75	888.75	881.25	881.25	881.25	4
Aug 06, 2020	896.25	898.00	892.25	892.25	892.25	121
Aug 05, 2020	891.75	891.75	891.75	891.75	891.75	-
Aug 04, 2020	890.50	890.50	890.50	890.50	890.50	-
Aug 03, 2020	899.75	900.00	894.75	894.75	894.75	11
Jul 31, 2020	892.75	893.75	892.75	893.75	893.75	15
Jul 30, 2020	889.50	889.50	889.50	889.50	889.50	12
Jul 29, 2020	888.50	888.50	888.50	888.50	888.50	-
Jul 28, 2020	883.75	889.00	883.50	884.75	884.75	4
Jul 27, 2020	893.00	893.00	893.00	893.00	893.00	-
Jul 24, 2020	894.25	896.25	890.00	890.00	890.00	2
Jul 23, 2020	888.75	888.75	888.75	888.75	888.75	4
Jul 22, 2020	890.00	890.00	889.25	889.25	889.25	3
Jul 21, 2020	888.00	888.00	887.50	887.50	887.50	1
Jul 20, 2020	889.25	889.25	889.25	889.25	889.25	2
Jul 17, 2020	889.00	890.00	886.00	886.00	886.00	2
Jul 16, 2020	885.50	885.50	885.50	885.50	885.50	-
Jul 15, 2020	881.50	881.50	881.50	881.50	881.50	-
Jul 14, 2020	878.25	878.25	878.25	878.25	878.25	-
Jul 13, 2020	880.00	880.00	877.50	877.50	877.50	17
Jul 10, 2020	883.75	883.75	883.75	883.75	883.75	-
Jul 09, 2020	900.00	900.00	895.00	895.00	895.00	1
Jul 08, 2020	894.25	894.25	894.25	894.25	894.25	-
Jul 07, 2020	893.00	893.25	893.00	893.25	893.25	1
Jul 06, 2020	897.75	901.00	892.25	892.25	892.25	12
Jul 02, 2020	885.00	885.00	885.00	885.00	885.00	-
Jul 01, 2020	875.50	884.25	875.50	884.25	884.25	1
Jun 30, 2020	866.00	866.00	866.00	866.00	866.00	-
Jun 29, 2020	860.50	865.50	860.50	864.75	864.75	10
Jun 26, 2020	866.00	866.00	858.50	858.50	858.50	2
Jun 25, 2020	876.00	876.00	860.00	867.75	867.75	15
Jun 24, 2020	875.50	875.50	875.50	875.50	875.50	-
Jun 23, 2020	879.00	879.00	879.00	879.00	879.00	-
Jun 22, 2020	878.50	878.50	878.50	878.50	878.50	-
Jun 19, 2020	879.25	879.25	879.25	879.25	879.25	-
Jun 18, 2020	885.00	885.00	875.50	875.50	875.50	1
Jun 17, 2020	877.25	877.25	877.25	877.25	877.25	-
Jun 16, 2020	872.75	872.75	872.75	872.75	872.75	-
Jun 15, 2020	872.75	872.75	872.75	872.75	872.75	-
Jun 12, 2020	874.25	874.25	874.25	874.25	874.25	-
Jun 11, 2020	872.50	874.75	872.50	874.75	874.75	2
Jun 10, 2020	878.50	878.50	878.50	878.50	878.50	-
Jun 09, 2020	880.75	880.75	880.75	880.75	880.75	-
Jun 08, 2020	887.75	887.75	887.75	887.75	887.75	-
Jun 05, 2020	880.75	884.75	880.75	884.75	884.75	3
Jun 04, 2020	875.00	886.00	875.00	886.00	886.00	4
Jun 03, 2020	872.75	872.75	872.75	872.75	872.75	-
Jun 02, 2020	870.50	870.50	870.50	870.50	870.50	1
Jun 01, 2020	869.25	869.25	869.25	869.25	869.25	14
May 29, 2020	870.00	870.00	869.25	869.25	869.25	4
May 28, 2020	869.00	869.00	869.00	869.00	869.00	-
May 27, 2020	870.00	870.00	869.75	869.75	869.75	4
May 26, 2020	865.00	867.00	865.00	867.00	867.00	2
May 22, 2020	859.00	861.25	859.00	861.25	861.25	6
May 21, 2020	861.50	861.50	861.50	861.50	861.50	-
May 20, 2020	862.50	862.50	862.50	862.50	862.50	3
May 19, 2020	861.00	861.00	861.00	861.00	861.00	-
May 18, 2020	859.50	859.50	859.50	859.50	859.50	-
May 15, 2020	851.75	851.75	851.75	851.75	851.75	-
May 14, 2020	849.25	849.25	849.25	849.25	849.25	-
May 13, 2020	849.75	849.75	849.75	849.75	849.75	2
May 12, 2020	855.50	855.50	855.50	855.50	855.50	-
May 11, 2020	855.50	855.75	855.50	855.75	855.75	1
May 08, 2020	853.75	853.75	853.75	853.75	853.75	-
May 07, 2020	854.00	854.00	847.25	847.25	847.25	1
May 06, 2020	848.25	848.25	846.50	846.50	846.50	7
May 05, 2020	857.00	857.00	857.00	857.00	857.00	2
May 04, 2020	862.25	862.25	862.25	862.25	862.25	-
May 01, 2020	865.00	867.50	865.00	867.50	867.50	1
Apr 30, 2020	865.50	865.50	865.50	865.50	865.50	-
Apr 29, 2020	860.00	860.00	858.25	858.25	858.25	1
Apr 28, 2020	857.00	857.00	850.25	850.25	850.25	18
Apr 27, 2020	841.50	841.50	841.50	841.50	841.50	-
Apr 24, 2020	850.00	850.00	840.00	841.50	841.50	19
Apr 23, 2020	850.75	850.75	850.75	850.75	850.75	11
Apr 22, 2020	862.25	862.25	853.00	853.00	853.00	1
Apr 21, 2020	863.00	863.00	863.00	863.00	863.00	-
Apr 20, 2020	861.25	861.25	861.25	861.25	861.25	-
Apr 17, 2020	864.00	864.00	860.00	860.00	860.00	2
Apr 16, 2020	865.00	865.00	862.75	862.75	862.75	1
Apr 15, 2020	865.75	865.75	865.75	865.75	865.75	2
Apr 14, 2020	874.50	874.50	874.50	874.50	874.50	-
Apr 13, 2020	879.00	879.00	879.00	879.00	879.00	-
Apr 09, 2020	882.75	882.75	882.75	882.75	882.75	-
Apr 08, 2020	876.75	876.75	875.25	875.25	875.25	1
Apr 07, 2020	871.25	871.25	868.25	868.25	868.25	3
Apr 06, 2020	863.00	863.00	863.00	863.00	863.00	-
Apr 03, 2020	859.25	859.25	859.25	859.25	859.25	-
Apr 02, 2020	861.75	861.75	861.75	861.75	861.75	1
Apr 01, 2020	860.00	860.00	859.25	859.25	859.25	3
Mar 31, 2020	865.00	865.25	865.00	865.25	865.25	1
Mar 30, 2020	866.50	866.50	866.50	866.50	866.50	-
Mar 27, 2020	874.50	874.50	874.50	874.50	874.50	-
Mar 26, 2020	880.75	880.75	880.75	880.75	880.75	-
Mar 25, 2020	876.25	876.25	876.25	876.25	876.25	-
Mar 24, 2020	870.75	870.75	870.75	870.75	870.75	-
Mar 23, 2020	870.00	870.00	870.00	870.00	870.00	1
Mar 20, 2020	872.50	872.50	872.50	872.50	872.50	-
Mar 19, 2020	875.00	875.00	865.75	865.75	865.75	4
Mar 18, 2020	869.75	869.75	869.75	869.75	869.75	-
Mar 17, 2020	872.00	872.00	870.75	870.75	870.75	1
Mar 16, 2020	888.50	888.50	876.00	876.00	876.00	2
Mar 13, 2020	890.00	890.50	890.00	890.50	890.50	2
Mar 12, 2020	895.00	895.00	884.75	894.25	894.25	14
Mar 11, 2020	900.75	900.75	900.75	900.75	900.75	-
Mar 10, 2020	905.00	905.00	905.00	905.00	905.00	-
Mar 09, 2020	910.00	911.00	900.50	900.50	900.50	13
Mar 06, 2020	913.50	913.50	913.50	913.50	913.50	-
Mar 05, 2020	915.00	915.00	911.00	911.00	911.00	6
Mar 04, 2020	919.50	919.50	919.50	919.50	919.50	-
Mar 03, 2020	925.50	925.50	925.50	925.50	925.50	-
Mar 02, 2020	926.25	926.25	926.25	926.25	926.25	-
Feb 28, 2020	918.75	918.75	918.75	918.75	918.75	-
Feb 27, 2020	921.75	921.75	921.75	921.75	921.75	-
Feb 26, 2020	923.25	923.25	923.25	923.25	923.25	-
Feb 25, 2020	924.00	924.00	924.00	924.00	924.00	-
Feb 24, 2020	920.00	920.00	920.00	920.00	920.00	-
Feb 21, 2020	933.00	950.00	925.50	925.50	925.50	16
Feb 20, 2020	933.00	933.00	927.75	927.75	927.75	12
Feb 19, 2020	933.00	935.50	933.00	935.50	935.50	6
Feb 18, 2020	934.00	934.00	934.00	934.00	934.00	-
Feb 14, 2020	935.25	935.25	935.25	935.25	935.25	-
Feb 13, 2020	932.50	932.50	932.50	932.50	932.50	-
Feb 12, 2020	929.25	929.25	929.25	929.25	929.25	-
Feb 11, 2020	932.50	932.50	932.50	932.50	932.50	-
Feb 10, 2020	931.75	931.75	931.75	931.75	931.75	1
Feb 07, 2020	931.75	931.75	931.75	931.75	931.75	-
Feb 06, 2020	936.25	936.25	936.25	936.25	936.25	-
Feb 05, 2020	937.50	937.50	937.50	937.50	937.50	-
Feb 04, 2020	936.75	936.75	936.75	936.75	936.75	-
Feb 03, 2020	933.50	933.50	933.50	933.50	933.50	-
Jan 31, 2020	932.00	932.00	932.00	932.00	932.00	-
Jan 30, 2020	934.50	934.50	934.50	934.50	934.50	-
Jan 29, 2020	939.50	939.50	939.50	939.50	939.50	-
Jan 28, 2020	941.25	941.25	941.25	941.25	941.25	-
Jan 27, 2020	943.25	943.25	943.25	943.25	943.25	-
Jan 24, 2020	941.50	941.50	941.50	941.50	941.50	-
Jan 23, 2020	949.25	950.00	943.00	943.00	943.00	5
Jan 22, 2020	938.50	938.50	938.50	938.50	938.50	-
Jan 21, 2020	939.00	939.00	939.00	939.00	939.00	-
Jan 17, 2020	945.00	945.00	945.00	945.00	945.00	-
Jan 16, 2020	942.75	942.75	942.75	942.75	942.75	-
Jan 15, 2020	942.75	942.75	942.75	942.75	942.75	-
Jan 14, 2020	951.50	951.50	951.50	951.50	951.50	-
Jan 13, 2020	952.00	952.00	952.00	952.00	952.00	-
Jan 10, 2020	957.25	957.25	957.25	957.25	957.25	-
Jan 09, 2020	956.75	956.75	956.75	956.75	956.75	-
Jan 08, 2020	961.25	961.25	961.25	961.25	961.25	-
Jan 07, 2020	960.75	960.75	960.75	960.75	960.75	-
Jan 06, 2020	958.25	958.25	958.25	958.25	958.25	-
Jan 03, 2020	955.25	955.25	955.25	955.25	955.25	-
Jan 02, 2020	960.75	960.75	959.00	959.00	959.00	1