Mar 22, 2022	1,331.75	1,344.00	1,329.00	1,340.25	1,340.25	238
Mar 21, 2022	1,308.00	1,336.50	1,306.25	1,333.50	1,333.50	728
Mar 18, 2022	1,300.25	1,315.50	1,300.00	1,313.00	1,313.00	523
Mar 17, 2022	1,294.50	1,306.75	1,288.00	1,299.50	1,299.50	304
Mar 16, 2022	1,300.00	1,310.75	1,287.50	1,291.75	1,291.75	157
Mar 15, 2022	1,295.00	1,305.50	1,280.00	1,300.25	1,300.25	285
Mar 14, 2022	1,315.00	1,323.50	1,303.25	1,307.50	1,307.50	210
Mar 11, 2022	1,310.00	1,319.50	1,295.75	1,315.00	1,315.00	652
Mar 10, 2022	1,299.25	1,319.25	1,291.25	1,314.00	1,314.00	701
Mar 09, 2022	1,282.75	1,302.50	1,277.00	1,298.25	1,298.25	823
Mar 08, 2022	1,292.00	1,302.50	1,277.00	1,286.25	1,286.25	532
Mar 07, 2022	1,305.00	1,317.25	1,276.00	1,287.50	1,287.50	909
Mar 04, 2022	1,310.25	1,322.00	1,276.25	1,302.00	1,302.00	707
Mar 03, 2022	1,323.25	1,339.50	1,309.00	1,309.75	1,309.75	466
Mar 02, 2022	1,338.75	1,347.00	1,313.25	1,321.00	1,321.00	711
Mar 01, 2022	1,305.25	1,344.25	1,302.25	1,343.75	1,343.75	430
Feb 28, 2022	1,292.25	1,318.00	1,288.25	1,305.25	1,305.25	430
Feb 25, 2022	1,303.25	1,326.00	1,277.00	1,284.00	1,284.00	1,423
Feb 24, 2022	1,325.00	1,364.25	1,300.50	1,303.25	1,303.25	1,423
Feb 23, 2022	1,319.00	1,330.00	1,319.00	1,329.25	1,329.25	731
Feb 22, 2022	1,309.75	1,327.25	1,309.75	1,325.25	1,325.25	273
Feb 18, 2022	1,298.25	1,314.50	1,297.00	1,311.75	1,311.75	257
Feb 17, 2022	1,301.75	1,312.25	1,300.00	1,305.00	1,305.00	257
Feb 16, 2022	1,295.00	1,308.00	1,293.00	1,306.75	1,306.75	663
Feb 15, 2022	1,294.00	1,299.00	1,280.00	1,297.25	1,297.25	600
Feb 14, 2022	1,289.50	1,297.50	1,278.00	1,295.75	1,295.75	332
Feb 11, 2022	1,280.00	1,298.75	1,277.00	1,291.00	1,291.00	1,515
Feb 10, 2022	1,288.75	1,310.00	1,277.50	1,280.75	1,280.75	1,515
Feb 09, 2022	1,279.50	1,296.00	1,276.00	1,294.25	1,294.25	527
Feb 08, 2022	1,274.00	1,280.50	1,268.75	1,279.75	1,279.75	527
Feb 07, 2022	1,265.00	1,281.50	1,263.50	1,276.00	1,276.00	339
Feb 04, 2022	1,260.00	1,265.00	1,256.50	1,262.00	1,262.00	137
Feb 03, 2022	1,263.00	1,267.75	1,257.00	1,263.75	1,263.75	137
Feb 02, 2022	1,270.00	1,287.50	1,256.00	1,263.50	1,263.50	499
Feb 01, 2022	1,254.00	1,285.25	1,254.00	1,272.75	1,272.75	605
Jan 31, 2022	1,255.25	1,267.00	1,252.25	1,257.50	1,257.50	623
Jan 28, 2022	1,258.00	1,265.50	1,255.25	1,255.50	1,255.50	645
Jan 27, 2022	1,260.25	1,272.25	1,258.00	1,259.75	1,259.75	645
Jan 26, 2022	1,255.00	1,268.00	1,253.75	1,261.75	1,261.75	1,220
Jan 25, 2022	1,240.25	1,261.25	1,230.25	1,256.50	1,256.50	386
Jan 24, 2022	1,251.50	1,264.00	1,232.00	1,243.00	1,243.00	386
Jan 21, 2022	1,260.00	1,265.00	1,246.00	1,251.00	1,251.00	4,366
Jan 20, 2022	1,251.50	1,266.00	1,251.50	1,262.50	1,262.50	4,366
Jan 19, 2022	1,240.00	1,255.50	1,236.50	1,253.25	1,253.25	1,451
Jan 18, 2022	1,231.00	1,240.00	1,227.00	1,233.25	1,233.25	522
Jan 14, 2022	1,246.50	1,253.75	1,238.25	1,239.75	1,239.75	522
Jan 13, 2022	1,245.00	1,251.75	1,235.75	1,250.50	1,250.50	823
Jan 12, 2022	1,228.50	1,247.00	1,225.00	1,247.00	1,247.00	170
Jan 11, 2022	1,233.75	1,235.50	1,226.75	1,233.75	1,233.75	327
Jan 10, 2022	1,229.75	1,238.00	1,229.00	1,233.75	1,233.75	824
Jan 07, 2022	1,223.50	1,240.50	1,220.25	1,238.25	1,238.25	1,444
Jan 06, 2022	1,207.00	1,227.50	1,201.00	1,226.50	1,226.50	1,444
Jan 05, 2022	1,209.00	1,212.00	1,203.25	1,211.75	1,211.75	116
Jan 04, 2022	1,207.50	1,210.75	1,206.75	1,209.50	1,209.50	153
Jan 03, 2022	1,200.00	1,208.50	1,200.00	1,207.25	1,207.25	153
Dec 31, 2021	1,196.00	1,200.00	1,196.00	1,198.75	1,198.75	95
Dec 30, 2021	1,198.00	1,199.00	1,193.00	1,195.00	1,195.00	95
Dec 29, 2021	1,194.00	1,200.00	1,192.00	1,200.00	1,200.00	141
Dec 28, 2021	1,196.00	1,199.75	1,193.00	1,194.00	1,194.00	117
Dec 27, 2021	1,193.00	1,199.50	1,190.50	1,197.50	1,197.50	117
Dec 23, 2021	1,195.00	1,199.75	1,190.00	1,190.25	1,190.25	376
Dec 22, 2021	1,185.50	1,197.75	1,180.50	1,196.25	1,196.25	376
Dec 21, 2021	1,186.00	1,197.50	1,184.00	1,187.50	1,187.50	86
Dec 20, 2021	1,187.00	1,188.25	1,183.50	1,188.00	1,188.00	86
Dec 17, 2021	1,187.00	1,191.50	1,184.00	1,186.00	1,186.00	126
Dec 16, 2021	1,187.50	1,187.50	1,185.00	1,186.00	1,186.00	195
Dec 15, 2021	1,184.25	1,185.25	1,174.50	1,181.00	1,181.00	81
Dec 14, 2021	1,176.50	1,190.00	1,176.25	1,185.50	1,185.50	35
Dec 13, 2021	1,183.00	1,186.50	1,176.50	1,176.50	1,176.50	52
Dec 10, 2021	1,182.75	1,197.00	1,182.75	1,188.75	1,188.75	81
Dec 09, 2021	1,182.50	1,188.25	1,173.50	1,188.25	1,188.25	109
Dec 08, 2021	1,173.25	1,187.75	1,173.25	1,184.75	1,184.75	156
Dec 07, 2021	1,169.00	1,184.25	1,168.75	1,175.25	1,175.25	9
Dec 06, 2021	1,170.00	1,171.50	1,166.50	1,171.50	1,171.50	109
Dec 03, 2021	1,170.50	1,176.00	1,170.50	1,171.50	1,171.50	109
Dec 02, 2021	1,159.25	1,177.00	1,159.25	1,165.75	1,165.75	180
Dec 01, 2021	1,164.75	1,168.75	1,159.50	1,162.50	1,162.50	107
Nov 30, 2021	1,169.00	1,169.25	1,159.00	1,161.25	1,161.25	107
Nov 29, 2021	1,181.50	1,181.50	1,169.25	1,172.00	1,172.00	54
Nov 26, 2021	1,182.50	1,184.50	1,172.75	1,181.25	1,181.25	62
Nov 25, 2021	-	-	-	-	-	-
Nov 24, 2021	1,192.50	1,193.00	1,185.00	1,185.75	1,185.75	62
Nov 23, 2021	1,185.00	1,189.00	1,181.25	1,188.25	1,188.25	138
Nov 22, 2021	1,181.00	1,196.25	1,181.00	1,191.00	1,191.00	138
Nov 19, 2021	1,180.50	1,191.25	1,174.75	1,186.50	1,186.50	232
Nov 18, 2021	1,198.00	1,198.00	1,181.25	1,182.25	1,182.25	232
Nov 17, 2021	1,193.00	1,205.00	1,191.00	1,197.50	1,197.50	273
Nov 16, 2021	1,192.00	1,199.50	1,190.75	1,193.75	1,193.75	27
Nov 15, 2021	1,183.00	1,199.00	1,183.00	1,196.50	1,196.50	174
Nov 12, 2021	1,181.00	1,197.75	1,178.00	1,189.25	1,189.25	30
Nov 11, 2021	1,186.00	1,186.00	1,179.00	1,181.00	1,181.00	30
Nov 10, 2021	1,179.75	1,185.00	1,178.50	1,182.25	1,182.25	68
Nov 09, 2021	1,158.75	1,200.00	1,153.75	1,178.75	1,178.75	308
Nov 08, 2021	1,169.25	1,169.25	1,158.00	1,161.75	1,161.75	161
Nov 05, 2021	1,179.25	1,179.25	1,166.25	1,170.25	1,170.25	56
Nov 04, 2021	1,191.25	1,198.50	1,178.25	1,180.75	1,180.75	64
Nov 03, 2021	1,196.00	1,200.00	1,189.25	1,191.75	1,191.75	64
Nov 02, 2021	1,197.50	1,199.50	1,192.00	1,199.00	1,199.00	77
Nov 01, 2021	1,186.25	1,199.25	1,186.25	1,193.00	1,193.00	131
Oct 29, 2021	1,196.50	1,196.50	1,188.50	1,193.75	1,193.75	53
Oct 28, 2021	1,194.75	1,195.25	1,189.00	1,192.50	1,192.50	117
Oct 27, 2021	1,183.50	1,199.50	1,180.25	1,189.25	1,189.25	74
Oct 26, 2021	1,184.25	1,196.00	1,184.25	1,184.50	1,184.50	50
Oct 25, 2021	1,173.00	1,189.00	1,173.00	1,186.75	1,186.75	50
Oct 22, 2021	1,185.00	1,192.00	1,173.00	1,174.75	1,174.75	54
Oct 21, 2021	1,191.75	1,191.75	1,180.00	1,183.25	1,183.25	54
Oct 20, 2021	1,189.00	1,198.75	1,185.00	1,197.75	1,197.75	38
Oct 19, 2021	1,187.00	1,197.75	1,187.00	1,189.00	1,189.00	38
Oct 18, 2021	1,176.50	1,187.00	1,176.50	1,183.25	1,183.25	10
Oct 15, 2021	1,172.25	1,185.50	1,172.25	1,180.25	1,180.25	58
Oct 14, 2021	1,173.25	1,173.25	1,165.00	1,170.50	1,170.50	58
Oct 13, 2021	1,181.00	1,185.00	1,166.00	1,171.50	1,171.50	96
Oct 12, 2021	1,192.00	1,192.75	1,173.00	1,178.75	1,178.75	178
Oct 11, 2021	1,201.50	1,205.00	1,191.75	1,192.50	1,192.50	72
Oct 08, 2021	1,200.25	1,210.00	1,192.25	1,194.50	1,194.50	63
Oct 07, 2021	1,194.00	1,200.25	1,188.25	1,200.25	1,200.25	120
Oct 06, 2021	1,194.25	1,194.25	1,193.00	1,193.00	1,193.00	12
Oct 05, 2021	1,186.25	1,202.00	1,186.25	1,196.75	1,196.75	78
Oct 04, 2021	1,175.75	1,188.25	1,175.50	1,185.25	1,185.25	33
Oct 01, 2021	1,184.00	1,185.25	1,184.00	1,185.25	1,185.25	33
Sep 30, 2021	1,187.25	1,199.00	1,178.00	1,186.25	1,186.25	33
Sep 29, 2021	1,182.00	1,187.75	1,182.00	1,185.25	1,185.25	7
Sep 28, 2021	1,188.00	1,188.00	1,180.00	1,183.25	1,183.25	42
Sep 27, 2021	1,184.00	1,198.25	1,184.00	1,192.00	1,192.00	42
Sep 24, 2021	1,186.25	1,189.00	1,183.00	1,185.75	1,185.75	8
Sep 23, 2021	1,186.25	1,186.25	1,185.00	1,186.25	1,186.25	8
Sep 22, 2021	1,185.00	1,188.50	1,178.25	1,185.50	1,185.50	17
Sep 21, 2021	1,185.25	1,185.25	1,184.75	1,184.75	1,184.75	3
Sep 20, 2021	1,183.50	1,183.50	1,175.00	1,176.50	1,176.50	33
Sep 17, 2021	1,183.50	1,189.25	1,183.50	1,189.25	1,189.25	13
Sep 16, 2021	1,198.00	1,199.25	1,194.00	1,194.00	1,194.00	13
Sep 15, 2021	1,190.75	1,195.75	1,190.75	1,195.75	1,195.75	4
Sep 14, 2021	1,190.00	1,198.00	1,189.00	1,189.00	1,189.00	27
Sep 13, 2021	1,185.75	1,191.50	1,185.75	1,191.25	1,191.25	11
Sep 10, 2021	1,180.25	1,199.50	1,178.25	1,189.25	1,189.25	27
Sep 09, 2021	1,181.00	1,186.50	1,175.25	1,176.00	1,176.00	39
Sep 08, 2021	1,185.00	1,185.00	1,177.00	1,183.00	1,183.00	16
Sep 07, 2021	1,200.00	1,200.00	1,183.00	1,183.50	1,183.50	16
Sep 03, 2021	1,193.00	1,200.00	1,193.00	1,195.00	1,195.00	50
Sep 02, 2021	1,196.00	1,197.00	1,194.25	1,194.25	1,194.25	6
Sep 01, 2021	1,190.25	1,196.00	1,187.75	1,194.75	1,194.75	49
Aug 31, 2021	1,197.25	1,200.00	1,188.00	1,196.00	1,196.00	54
Aug 30, 2021	1,197.00	1,197.00	1,184.00	1,194.00	1,194.00	36
Aug 27, 2021	1,185.00	1,191.00	1,184.50	1,190.75	1,190.75	22
Aug 26, 2021	1,195.25	1,197.50	1,187.50	1,190.00	1,190.00	23
Aug 25, 2021	1,189.00	1,200.00	1,189.00	1,197.75	1,197.75	40
Aug 24, 2021	1,178.50	1,194.25	1,178.50	1,189.25	1,189.25	18
Aug 23, 2021	1,162.50	1,173.00	1,159.25	1,165.50	1,165.50	37
Aug 20, 2021	1,157.75	1,157.75	1,144.75	1,153.75	1,153.75	10
Aug 19, 2021	1,179.75	1,179.75	1,161.50	1,162.75	1,162.75	4
Aug 18, 2021	1,178.50	1,180.75	1,175.00	1,180.75	1,180.75	4
Aug 17, 2021	1,186.50	1,188.50	1,182.00	1,182.00	1,182.00	7
Aug 16, 2021	1,183.75	1,189.00	1,183.00	1,185.00	1,185.00	13
Aug 13, 2021	1,168.00	1,181.00	1,168.00	1,181.00	1,181.00	20
Aug 12, 2021	1,174.00	1,192.50	1,167.00	1,171.50	1,171.50	14
Aug 11, 2021	1,184.50	1,184.50	1,173.00	1,173.00	1,173.00	8
Aug 10, 2021	1,178.75	1,184.50	1,170.50	1,170.50	1,170.50	64
Aug 09, 2021	1,177.00	1,179.50	1,169.00	1,174.25	1,174.25	5
Aug 06, 2021	1,168.00	1,179.00	1,168.00	1,179.00	1,179.00	9
Aug 05, 2021	1,175.00	1,178.75	1,168.25	1,168.25	1,168.25	9
Aug 04, 2021	1,166.25	1,166.50	1,166.25	1,166.50	1,166.50	1
Aug 03, 2021	1,161.75	1,161.75	1,161.75	1,161.75	1,161.75	1
Aug 02, 2021	1,165.00	1,177.00	1,165.00	1,177.00	1,177.00	6
Jul 30, 2021	1,160.00	1,160.00	1,160.00	1,160.00	1,160.00	-
Jul 29, 2021	1,174.75	1,175.00	1,174.75	1,174.75	1,174.75	3
Jul 28, 2021	1,167.50	1,167.50	1,167.50	1,167.50	1,167.50	1
Jul 27, 2021	1,174.25	1,174.25	1,166.75	1,167.50	1,167.50	32
Jul 26, 2021	1,178.50	1,178.50	1,178.50	1,178.50	1,178.50	-
Jul 23, 2021	1,166.25	1,170.25	1,165.00	1,169.00	1,169.00	21
Jul 22, 2021	1,153.25	1,175.25	1,153.25	1,170.25	1,170.25	3
Jul 21, 2021	1,187.00	1,187.00	1,170.00	1,180.50	1,180.50	14
Jul 20, 2021	1,190.00	1,190.00	1,184.25	1,187.75	1,187.75	2
Jul 19, 2021	1,168.50	1,179.25	1,168.50	1,179.25	1,179.25	1
Jul 16, 2021	1,187.75	1,189.00	1,187.50	1,189.00	1,189.00	2
Jul 15, 2021	1,182.00	1,188.25	1,182.00	1,188.25	1,188.25	6
Jul 14, 2021	1,178.00	1,192.25	1,178.00	1,192.25	1,192.25	1
Jul 13, 2021	1,178.00	1,178.00	1,172.00	1,172.00	1,172.00	1
Jul 12, 2021	1,156.25	1,171.50	1,156.25	1,171.50	1,171.50	8
Jul 09, 2021	1,154.75	1,154.75	1,154.75	1,154.75	1,154.75	1
Jul 08, 2021	1,140.00	1,145.25	1,140.00	1,143.75	1,143.75	7
Jul 07, 2021	1,149.00	1,149.00	1,128.00	1,141.75	1,141.75	12
Jul 06, 2021	1,146.50	1,146.50	1,118.75	1,118.75	1,118.75	3
Jul 02, 2021	1,175.00	1,180.25	1,175.00	1,178.75	1,178.75	9
Jul 01, 2021	1,190.00	1,190.00	1,173.25	1,173.25	1,173.25	17
Jun 30, 2021	1,152.00	1,202.00	1,152.00	1,180.00	1,180.00	38
Jun 29, 2021	1,171.00	1,171.00	1,160.25	1,160.75	1,160.75	11
Jun 28, 2021	1,158.00	1,166.00	1,158.00	1,160.25	1,160.25	14
Jun 25, 2021	1,158.00	1,160.00	1,131.50	1,131.50	1,131.50	3
Jun 24, 2021	1,130.50	1,158.75	1,127.75	1,158.75	1,158.75	13
Jun 23, 2021	1,155.50	1,158.00	1,153.50	1,153.50	1,153.50	16
Jun 22, 2021	1,160.00	1,160.00	1,144.50	1,144.75	1,144.75	34
Jun 21, 2021	1,138.75	1,159.00	1,138.75	1,158.75	1,158.75	38
Jun 18, 2021	1,114.75	1,141.25	1,114.75	1,136.00	1,136.00	12
Jun 17, 2021	1,110.00	1,110.00	1,089.25	1,089.25	1,089.25	9
Jun 16, 2021	1,132.50	1,136.25	1,131.00	1,136.25	1,136.25	3
Jun 15, 2021	1,136.00	1,143.50	1,121.00	1,137.00	1,137.00	41
Jun 14, 2021	1,153.00	1,158.00	1,136.00	1,140.00	1,140.00	9
Jun 11, 2021	1,175.00	1,175.00	1,157.00	1,169.00	1,169.00	13
Jun 10, 2021	1,169.25	1,175.00	1,168.50	1,172.25	1,172.25	14
Jun 09, 2021	1,168.50	1,175.00	1,168.50	1,172.75	1,172.75	25
Jun 08, 2021	1,170.25	1,171.00	1,162.50	1,171.00	1,171.00	20
Jun 07, 2021	1,163.00	1,165.00	1,162.00	1,165.00	1,165.00	13
Jun 04, 2021	1,165.00	1,168.25	1,158.25	1,160.00	1,160.00	26
Jun 03, 2021	1,160.00	1,160.75	1,154.50	1,160.75	1,160.75	8
Jun 02, 2021	1,150.00	1,155.00	1,149.00	1,155.00	1,155.00	24
Jun 01, 2021	1,146.50	1,150.00	1,138.75	1,146.00	1,146.00	22
May 28, 2021	1,149.75	1,149.75	1,136.50	1,136.50	1,136.50	8
May 27, 2021	1,130.00	1,139.00	1,130.00	1,139.00	1,139.00	26
May 26, 2021	1,099.25	1,115.00	1,099.25	1,112.50	1,112.50	14
May 25, 2021	1,117.25	1,119.75	1,102.00	1,111.75	1,111.75	32
May 24, 2021	1,095.00	1,104.00	1,092.25	1,104.00	1,104.00	12
May 21, 2021	1,100.00	1,103.25	1,100.00	1,103.25	1,103.25	2
May 20, 2021	1,110.00	1,115.00	1,107.25	1,112.00	1,112.00	8
May 19, 2021	1,112.50	1,112.50	1,100.00	1,108.00	1,108.00	35
May 18, 2021	1,112.00	1,114.50	1,112.00	1,114.50	1,114.50	3
May 17, 2021	1,120.00	1,120.00	1,100.50	1,106.00	1,106.00	6
May 14, 2021	1,126.00	1,126.00	1,105.00	1,109.50	1,109.50	17
May 13, 2021	1,124.00	1,127.25	1,098.00	1,108.75	1,108.75	17
May 12, 2021	1,159.75	1,159.75	1,137.50	1,137.75	1,137.75	11
May 11, 2021	1,161.00	1,161.00	1,155.25	1,155.25	1,155.25	11
May 10, 2021	1,148.25	1,161.00	1,148.25	1,161.00	1,161.00	1
May 07, 2021	1,161.00	1,175.00	1,161.00	1,169.50	1,169.50	18
May 06, 2021	1,160.00	1,170.25	1,160.00	1,165.50	1,165.50	28
May 05, 2021	1,150.00	1,158.75	1,145.50	1,158.75	1,158.75	39
May 04, 2021	1,145.00	1,150.00	1,145.00	1,148.50	1,148.50	63
May 03, 2021	1,142.00	1,154.00	1,135.00	1,142.50	1,142.50	25
Apr 30, 2021	1,130.00	1,142.75	1,130.00	1,142.75	1,142.75	9
Apr 29, 2021	1,128.00	1,132.75	1,126.00	1,132.00	1,132.00	49
Apr 28, 2021	1,135.00	1,135.00	1,132.00	1,134.50	1,134.50	117
Apr 27, 2021	1,150.00	1,150.00	1,132.00	1,132.00	1,132.00	8
Apr 26, 2021	1,127.00	1,148.50	1,127.00	1,148.50	1,148.50	3
Apr 23, 2021	1,121.00	1,128.00	1,120.00	1,126.75	1,126.75	13
Apr 22, 2021	1,112.50	1,130.25	1,111.50	1,127.25	1,127.25	11
Apr 21, 2021	1,105.00	1,114.75	1,104.25	1,112.00	1,112.00	13
Apr 20, 2021	1,100.00	1,103.50	1,100.00	1,103.50	1,103.50	5
Apr 19, 2021	1,097.00	1,100.00	1,097.00	1,097.50	1,097.50	5
Apr 16, 2021	1,094.50	1,094.50	1,092.00	1,093.75	1,093.75	4
Apr 15, 2021	1,080.00	1,087.00	1,080.00	1,087.00	1,087.00	3
Apr 14, 2021	1,078.75	1,078.75	1,078.75	1,078.75	1,078.75	-
Apr 13, 2021	1,074.00	1,080.00	1,072.00	1,072.00	1,072.00	3
Apr 12, 2021	1,070.00	1,072.25	1,059.00	1,072.25	1,072.25	5
Apr 09, 2021	1,074.00	1,074.00	1,073.25	1,073.25	1,073.25	2
Apr 08, 2021	1,076.75	1,076.75	1,076.75	1,076.75	1,076.75	-
Apr 07, 2021	1,078.00	1,078.00	1,078.00	1,078.00	1,078.00	-
Apr 06, 2021	1,076.50	1,077.25	1,076.50	1,077.25	1,077.25	1
Apr 05, 2021	1,067.00	1,076.25	1,067.00	1,075.75	1,075.75	5
Apr 01, 2021	1,091.25	1,091.25	1,067.00	1,067.25	1,067.25	21
Mar 31, 2021	1,075.00	1,091.25	1,075.00	1,091.25	1,091.25	6
Mar 30, 2021	1,046.50	1,046.50	1,046.50	1,046.50	1,046.50	3
Mar 29, 2021	1,048.00	1,048.00	1,048.00	1,048.00	1,048.00	-
Mar 26, 2021	1,050.00	1,050.00	1,049.00	1,049.00	1,049.00	1
Mar 25, 2021	1,046.75	1,046.75	1,046.75	1,046.75	1,046.75	-
Mar 24, 2021	1,055.00	1,058.75	1,055.00	1,058.75	1,058.75	2
Mar 23, 2021	1,049.50	1,049.50	1,049.50	1,049.50	1,049.50	-
Mar 22, 2021	1,043.50	1,043.50	1,043.50	1,043.50	1,043.50	-
Mar 19, 2021	1,048.75	1,048.75	1,048.75	1,048.75	1,048.75	-
Mar 18, 2021	1,060.25	1,060.25	1,042.75	1,042.75	1,042.75	6
Mar 17, 2021	1,067.00	1,067.00	1,062.75	1,062.75	1,062.75	4
Mar 16, 2021	1,070.00	1,070.00	1,069.75	1,069.75	1,069.75	3
Mar 15, 2021	1,065.00	1,068.75	1,058.00	1,068.75	1,068.75	4
Mar 12, 2021	1,067.25	1,067.25	1,067.25	1,067.25	1,067.25	-
Mar 11, 2021	1,065.25	1,069.00	1,065.00	1,065.50	1,065.50	5
Mar 10, 2021	1,059.00	1,059.00	1,050.00	1,059.00	1,059.00	27
Mar 09, 2021	1,059.00	1,065.50	1,059.00	1,065.50	1,065.50	3
Mar 08, 2021	1,065.00	1,065.00	1,060.75	1,060.75	1,060.75	4
Mar 05, 2021	1,049.50	1,055.75	1,046.00	1,055.75	1,055.75	7
Mar 04, 2021	1,042.50	1,048.50	1,042.25	1,048.50	1,048.50	7
Mar 03, 2021	1,026.00	1,042.00	1,026.00	1,042.00	1,042.00	1
Mar 02, 2021	1,043.00	1,043.00	1,043.00	1,043.00	1,043.00	-
Mar 01, 2021	1,042.75	1,042.75	1,040.00	1,040.00	1,040.00	1
Feb 26, 2021	1,038.50	1,038.50	1,033.00	1,038.50	1,038.50	1
Feb 25, 2021	1,049.00	1,049.00	1,043.25	1,048.00	1,048.00	7
Feb 24, 2021	1,046.00	1,048.25	1,046.00	1,048.25	1,048.25	2
Feb 23, 2021	1,046.25	1,046.25	1,046.25	1,046.25	1,046.25	2
Feb 22, 2021	1,043.00	1,049.00	1,038.75	1,049.00	1,049.00	2
Feb 19, 2021	1,044.00	1,044.00	1,043.75	1,043.75	1,043.75	1
Feb 18, 2021	1,040.00	1,040.75	1,037.00	1,040.75	1,040.75	10
Feb 17, 2021	1,045.00	1,045.00	1,045.00	1,045.00	1,045.00	-
Feb 16, 2021	1,047.25	1,047.25	1,047.25	1,047.25	1,047.25	-
Feb 12, 2021	1,036.25	1,036.25	1,036.25	1,036.25	1,036.25	-
Feb 11, 2021	1,040.00	1,040.00	1,033.75	1,033.75	1,033.75	2
Feb 10, 2021	1,028.75	1,028.75	1,028.75	1,028.75	1,028.75	-
Feb 09, 2021	1,037.50	1,037.50	1,037.50	1,037.50	1,037.50	-
Feb 08, 2021	1,029.00	1,029.25	1,029.00	1,029.25	1,029.25	1
Feb 05, 2021	1,018.75	1,018.75	1,018.75	1,018.75	1,018.75	-
Feb 04, 2021	1,015.25	1,015.25	1,015.25	1,015.25	1,015.25	-
Feb 03, 2021	1,006.00	1,007.25	1,006.00	1,007.25	1,007.25	16
Feb 02, 2021	1,008.25	1,008.25	1,008.25	1,008.25	1,008.25	-
Feb 01, 2021	1,008.00	1,008.00	1,008.00	1,008.00	1,008.00	-
Jan 29, 2021	998.75	998.75	998.75	998.75	998.75	-
Jan 28, 2021	991.50	991.50	991.50	991.50	991.50	-
Jan 27, 2021	1,000.25	1,000.25	1,000.25	1,000.25	1,000.25	-
Jan 26, 2021	1,005.25	1,005.25	1,005.25	1,005.25	1,005.25	-
Jan 25, 2021	993.50	993.50	993.50	993.50	993.50	-
Jan 22, 2021	999.00	999.00	979.00	979.00	979.00	2
Jan 21, 2021	1,007.00	1,010.50	1,007.00	1,010.50	1,010.50	1
Jan 20, 2021	1,025.50	1,025.50	1,012.75	1,012.75	1,012.75	1
Jan 19, 2021	1,025.50	1,031.25	1,025.50	1,031.25	1,031.25	2
Jan 15, 2021	1,028.00	1,032.50	1,028.00	1,032.50	1,032.50	7
Jan 14, 2021	1,030.00	1,030.00	1,028.00	1,028.00	1,028.00	3
Jan 13, 2021	1,017.75	1,019.75	1,017.75	1,019.75	1,019.75	1
Jan 12, 2021	1,027.00	1,027.00	1,012.75	1,012.75	1,012.75	3
Jan 11, 2021	1,052.75	1,052.75	1,027.00	1,029.00	1,029.00	5
Jan 08, 2021	1,040.00	1,050.00	1,040.00	1,041.50	1,041.50	9
Jan 07, 2021	1,039.50	1,039.50	1,039.50	1,039.50	1,039.50	-
Jan 06, 2021	1,035.00	1,038.50	1,035.00	1,037.75	1,037.75	2
Jan 05, 2021	1,030.00	1,035.00	1,028.25	1,028.25	1,028.25	16
Jan 04, 2021	1,023.00	1,030.00	1,009.75	1,009.75	1,009.75	16
Dec 31, 2020	1,000.00	1,004.00	1,000.00	1,004.00	1,004.00	5
Dec 30, 2020	999.00	999.50	999.00	999.50	999.50	11
Dec 29, 2020	992.50	994.75	992.00	992.00	992.00	6
Dec 28, 2020	991.50	991.50	988.50	988.50	988.50	3
Dec 24, 2020	985.75	985.75	984.25	984.25	984.25	1
Dec 23, 2020	986.00	988.50	985.00	985.00	985.00	9
Dec 22, 2020	990.00	990.00	990.00	990.00	990.00	-
Dec 21, 2020	993.00	993.00	993.00	993.00	993.00	-
Dec 18, 2020	986.50	986.50	984.00	985.25	985.25	6
Dec 17, 2020	986.00	986.00	986.00	986.00	986.00	1
Dec 16, 2020	983.50	983.50	983.50	983.50	983.50	-
Dec 15, 2020	989.00	989.00	989.00	989.00	989.00	5
Dec 14, 2020	990.75	990.75	990.75	990.75	990.75	-
Dec 11, 2020	986.25	986.25	986.25	986.25	986.25	-
Dec 10, 2020	980.75	980.75	980.75	980.75	980.75	-
Dec 09, 2020	982.50	982.50	982.50	982.50	982.50	-
Dec 08, 2020	976.00	976.00	976.00	976.00	976.00	-
Dec 07, 2020	962.00	976.00	962.00	976.00	976.00	1
Dec 04, 2020	969.00	969.00	969.00	969.00	969.00	-
Dec 03, 2020	968.50	968.50	968.50	968.50	968.50	-
Dec 02, 2020	964.50	964.50	964.50	964.50	964.50	-
Dec 01, 2020	968.00	968.00	968.00	968.00	968.00	-
Nov 30, 2020	981.50	981.50	972.25	972.25	972.25	1
Nov 27, 2020	987.00	987.00	987.00	987.00	987.00	-
Nov 25, 2020	980.75	980.75	980.75	980.75	980.75	-
Nov 24, 2020	985.75	985.75	985.75	985.75	985.75	-
Nov 23, 2020	984.50	984.50	984.50	984.50	984.50	-
Nov 20, 2020	985.00	985.00	981.25	982.25	982.25	2
Nov 19, 2020	978.00	985.00	978.00	983.75	983.75	6
Nov 18, 2020	978.00	979.25	978.00	979.25	979.25	1
Nov 17, 2020	977.75	977.75	977.75	977.75	977.75	-
Nov 16, 2020	977.25	977.25	977.25	977.25	977.25	-
Nov 13, 2020	975.00	975.00	971.00	971.00	971.00	4
Nov 12, 2020	962.50	962.50	962.50	962.50	962.50	-
Nov 11, 2020	961.75	962.00	955.00	962.00	962.00	2
Nov 10, 2020	952.75	952.75	952.75	952.75	952.75	-
Nov 09, 2020	950.00	950.00	946.00	946.00	946.00	4
Nov 06, 2020	947.25	947.25	947.25	947.25	947.25	-
Nov 05, 2020	940.00	945.25	940.00	945.25	945.25	2
Nov 04, 2020	930.00	935.50	930.00	935.50	935.50	1
Nov 03, 2020	920.00	923.00	920.00	923.00	923.00	1
Nov 02, 2020	918.50	918.50	918.50	918.50	918.50	-
Oct 30, 2020	915.25	915.25	915.25	915.25	915.25	-
Oct 29, 2020	910.25	910.25	910.25	910.25	910.25	-
Oct 28, 2020	909.25	909.25	909.25	909.25	909.25	-
Oct 27, 2020	917.75	917.75	917.75	917.75	917.75	-
Oct 26, 2020	918.50	918.50	918.50	918.50	918.50	-
Oct 23, 2020	920.25	920.25	920.25	920.25	920.25	-
Oct 22, 2020	919.75	919.75	919.75	919.75	919.75	-
Oct 21, 2020	920.50	920.50	920.25	920.25	920.25	1
Oct 20, 2020	918.00	918.00	918.00	918.00	918.00	-
Oct 19, 2020	912.25	912.25	912.25	912.25	912.25	-
Oct 16, 2020	911.25	911.25	911.25	911.25	911.25	-
Oct 15, 2020	910.75	910.75	910.75	910.75	910.75	2
Oct 14, 2020	911.00	911.50	908.00	908.00	908.00	4
Oct 13, 2020	907.50	908.25	907.50	908.25	908.25	1
Oct 12, 2020	905.25	905.25	905.25	905.25	905.25	-
Oct 09, 2020	906.50	906.50	906.50	906.50	906.50	1
Oct 08, 2020	901.00	901.50	900.75	900.75	900.75	2
Oct 07, 2020	900.00	901.25	900.00	901.25	901.25	1
Oct 06, 2020	901.25	901.25	901.25	901.25	901.25	-
Oct 05, 2020	896.00	896.00	896.00	896.00	896.00	-
Oct 02, 2020	896.00	896.00	896.00	896.00	896.00	-
Oct 01, 2020	900.00	900.00	900.00	900.00	900.00	1
Sep 30, 2020	910.25	910.25	903.75	903.75	903.75	2
Sep 29, 2020	895.00	899.00	895.00	899.00	899.00	2
Sep 28, 2020	901.00	901.00	897.75	897.75	897.75	5
Sep 25, 2020	907.00	907.00	903.75	903.75	903.75	2
Sep 24, 2020	908.25	908.25	908.25	908.25	908.25	-
Sep 23, 2020	908.00	908.00	908.00	908.00	908.00	-
Sep 22, 2020	910.00	910.00	907.50	907.50	907.50	1
Sep 21, 2020	915.00	915.00	913.25	913.25	913.25	1
Sep 18, 2020	930.00	930.00	919.50	919.50	919.50	1
Sep 17, 2020	919.75	919.75	919.75	919.75	919.75	-
Sep 16, 2020	920.25	920.25	920.25	920.25	920.25	-
Sep 15, 2020	921.25	921.25	921.25	921.25	921.25	-
Sep 14, 2020	921.50	921.50	921.50	921.50	921.50	4
Sep 11, 2020	920.00	920.00	916.75	916.75	916.75	7
Sep 10, 2020	920.00	920.00	920.00	920.00	920.00	-
Sep 09, 2020	922.50	922.50	922.50	922.50	922.50	-
Sep 08, 2020	925.00	925.00	925.00	925.00	925.00	-
Sep 04, 2020	920.00	923.25	920.00	923.25	923.25	2
Sep 03, 2020	921.25	921.25	921.25	921.25	921.25	-
Sep 02, 2020	920.00	927.25	920.00	927.25	927.25	2
Sep 01, 2020	918.25	918.25	918.25	918.25	918.25	-
Aug 31, 2020	910.00	910.00	909.00	909.00	909.00	3
Aug 28, 2020	908.00	908.00	908.00	908.00	908.00	-
Aug 27, 2020	905.50	905.50	905.50	905.50	905.50	-
Aug 26, 2020	902.00	902.00	902.00	902.00	902.00	-
Aug 25, 2020	905.00	905.25	905.00	905.25	905.25	2
Aug 24, 2020	896.75	896.75	896.75	896.75	896.75	-
Aug 21, 2020	895.25	895.25	895.25	895.25	895.25	-
Aug 20, 2020	895.75	895.75	895.75	895.75	895.75	-
Aug 19, 2020	898.25	898.25	898.25	898.25	898.25	-
Aug 18, 2020	900.00	900.00	900.00	900.00	900.00	-
Aug 17, 2020	904.75	904.75	901.75	901.75	901.75	1
Aug 14, 2020	894.25	894.25	894.25	894.25	894.25	-
Aug 13, 2020	897.25	897.25	897.25	897.25	897.25	-
Aug 12, 2020	892.25	892.25	892.25	892.25	892.25	-
Aug 11, 2020	888.00	888.00	888.00	888.00	888.00	-
Aug 10, 2020	891.00	891.00	891.00	891.00	891.00	-
Aug 07, 2020	887.25	887.25	887.25	887.25	887.25	-
Aug 06, 2020	898.25	898.25	898.25	898.25	898.25	-
Aug 05, 2020	897.75	897.75	897.75	897.75	897.75	-
Aug 04, 2020	896.50	896.50	896.50	896.50	896.50	-
Aug 03, 2020	900.00	900.75	900.00	900.75	900.75	3
Jul 31, 2020	899.75	899.75	899.75	899.75	899.75	-
Jul 30, 2020	896.00	896.00	896.00	896.00	896.00	-
Jul 29, 2020	895.00	895.00	895.00	895.00	895.00	-
Jul 28, 2020	891.25	891.25	891.25	891.25	891.25	-
Jul 27, 2020	899.50	899.50	899.50	899.50	899.50	-
Jul 24, 2020	898.25	898.25	898.25	898.25	898.25	-
Jul 23, 2020	897.00	897.00	897.00	897.00	897.00	-
Jul 22, 2020	897.50	897.50	897.50	897.50	897.50	-
Jul 21, 2020	895.75	895.75	895.75	895.75	895.75	-
Jul 20, 2020	897.50	897.50	897.50	897.50	897.50	-
Jul 17, 2020	894.25	894.25	894.25	894.25	894.25	-
Jul 16, 2020	893.75	893.75	893.75	893.75	893.75	-
Jul 15, 2020	889.75	889.75	889.75	889.75	889.75	-
Jul 14, 2020	886.50	886.50	886.50	886.50	886.50	-
Jul 13, 2020	885.75	885.75	885.75	885.75	885.75	-
Jul 10, 2020	892.00	892.00	892.00	892.00	892.00	-
Jul 09, 2020	903.25	903.25	903.25	903.25	903.25	-
Jul 08, 2020	902.50	902.50	902.50	902.50	902.50	-
Jul 07, 2020	901.50	901.50	901.50	901.50	901.50	-
Jul 06, 2020	900.00	900.50	900.00	900.50	900.50	1
Jul 02, 2020	893.25	893.25	893.25	893.25	893.25	-
Jul 01, 2020	892.50	892.50	892.50	892.50	892.50	-
Jun 30, 2020	874.25	874.25	874.25	874.25	874.25	-
Jun 29, 2020	873.00	873.00	873.00	873.00	873.00	-
Jun 26, 2020	870.00	870.00	866.75	866.75	866.75	1
Jun 25, 2020	875.00	876.00	875.00	876.00	876.00	1
Jun 24, 2020	883.75	883.75	883.75	883.75	883.75	-
Jun 23, 2020	887.25	887.25	887.25	887.25	887.25	-
Jun 22, 2020	886.75	886.75	886.75	886.75	886.75	-
Jun 19, 2020	887.50	887.50	887.50	887.50	887.50	-
Jun 18, 2020	895.50	895.50	883.75	883.75	883.75	1
Jun 17, 2020	885.50	885.50	885.50	885.50	885.50	-
Jun 16, 2020	881.00	881.00	881.00	881.00	881.00	-
Jun 15, 2020	881.00	881.00	881.00	881.00	881.00	-
Jun 12, 2020	882.50	882.50	882.50	882.50	882.50	-
Jun 11, 2020	883.00	883.00	883.00	883.00	883.00	-
Jun 10, 2020	886.75	886.75	886.75	886.75	886.75	-
Jun 09, 2020	889.00	889.00	889.00	889.00	889.00	-
Jun 08, 2020	896.00	896.00	896.00	896.00	896.00	-
Jun 05, 2020	893.00	893.00	893.00	893.00	893.00	-
Jun 04, 2020	899.50	899.50	899.50	899.50	899.50	-
Jun 03, 2020	887.75	887.75	887.75	887.75	887.75	-
Jun 02, 2020	886.75	886.75	886.75	886.75	886.75	-
Jun 01, 2020	885.50	885.50	885.50	885.50	885.50	-
May 29, 2020	885.50	885.50	885.50	885.50	885.50	-
May 28, 2020	885.25	885.25	885.25	885.25	885.25	-
May 27, 2020	886.00	886.00	886.00	886.00	886.00	-
May 26, 2020	885.00	885.00	883.25	883.25	883.25	1
May 22, 2020	877.50	877.50	877.50	877.50	877.50	-
May 21, 2020	878.00	878.00	878.00	878.00	878.00	-
May 20, 2020	879.00	879.00	879.00	879.00	879.00	-
May 19, 2020	877.50	877.50	877.50	877.50	877.50	-
May 18, 2020	876.00	876.00	876.00	876.00	876.00	-
May 15, 2020	868.25	868.25	868.25	868.25	868.25	-
May 14, 2020	865.75	865.75	865.75	865.75	865.75	-
May 13, 2020	865.00	866.25	865.00	866.25	866.25	2
May 12, 2020	872.00	872.00	872.00	872.00	872.00	-
May 11, 2020	872.00	872.00	872.00	872.00	872.00	-
May 08, 2020	870.00	870.00	870.00	870.00	870.00	-
May 07, 2020	863.50	863.50	863.50	863.50	863.50	-
May 06, 2020	863.25	863.25	863.25	863.25	863.25	-
May 05, 2020	877.00	877.00	873.75	873.75	873.75	4
May 04, 2020	879.25	879.25	879.25	879.25	879.25	-
May 01, 2020	884.25	884.25	884.25	884.25	884.25	-
Apr 30, 2020	882.25	882.25	882.25	882.25	882.25	-
Apr 29, 2020	874.75	874.75	874.75	874.75	874.75	-
Apr 28, 2020	866.75	866.75	866.75	866.75	866.75	-
Apr 27, 2020	858.00	858.00	858.00	858.00	858.00	-
Apr 24, 2020	860.00	860.00	858.00	858.00	858.00	1
Apr 23, 2020	867.25	867.25	867.25	867.25	867.25	-
Apr 22, 2020	875.00	875.00	869.50	869.50	869.50	1
Apr 21, 2020	879.50	879.50	879.50	879.50	879.50	-
Apr 20, 2020	877.75	877.75	877.75	877.75	877.75	-
Apr 17, 2020	877.00	877.00	877.00	877.00	877.00	-
Apr 16, 2020	880.00	880.00	880.00	880.00	880.00	-
Apr 15, 2020	890.00	890.00	883.00	883.00	883.00	2
Apr 14, 2020	891.75	891.75	891.75	891.75	891.75	-
Apr 13, 2020	894.50	894.50	894.50	894.50	894.50	-
Apr 09, 2020	898.25	898.25	898.25	898.25	898.25	-
Apr 08, 2020	892.50	892.50	892.50	892.50	892.50	-
Apr 07, 2020	884.00	886.00	884.00	886.00	886.00	3
Apr 06, 2020	880.75	880.75	880.75	880.75	880.75	-
Apr 03, 2020	877.00	877.00	877.00	877.00	877.00	-
Apr 02, 2020	879.25	879.25	879.25	879.25	879.25	-
Apr 01, 2020	876.75	876.75	876.75	876.75	876.75	-
Mar 31, 2020	880.75	880.75	880.75	880.75	880.75	-
Mar 30, 2020	888.00	888.00	882.00	882.00	882.00	1
Mar 27, 2020	890.00	890.00	890.00	890.00	890.00	-
Mar 26, 2020	896.25	896.25	896.25	896.25	896.25	-
Mar 25, 2020	891.75	891.75	891.75	891.75	891.75	-
Mar 24, 2020	886.25	886.25	886.25	886.25	886.25	-
Mar 23, 2020	885.50	885.50	885.50	885.50	885.50	-
Mar 20, 2020	900.00	900.00	888.00	888.00	888.00	1
Mar 19, 2020	895.00	895.00	881.25	881.25	881.25	2
Mar 18, 2020	885.25	885.25	885.25	885.25	885.25	-
Mar 17, 2020	886.25	886.25	886.25	886.25	886.25	-
Mar 16, 2020	891.50	891.50	891.50	891.50	891.50	-
Mar 13, 2020	898.00	906.00	888.25	906.00	906.00	2
Mar 12, 2020	910.00	910.00	909.75	909.75	909.75	1
Mar 11, 2020	918.00	918.00	918.00	918.00	918.00	-
Mar 10, 2020	922.25	922.25	922.25	922.25	922.25	-
Mar 09, 2020	920.00	920.00	917.75	917.75	917.75	1
Mar 06, 2020	921.75	921.75	921.75	921.75	921.75	-
Mar 05, 2020	925.00	925.00	920.75	920.75	920.75	1
Mar 04, 2020	927.50	927.50	927.50	927.50	927.50	-
Mar 03, 2020	933.75	933.75	933.75	933.75	933.75	-
Mar 02, 2020	934.50	934.50	934.50	934.50	934.50	-
Feb 28, 2020	930.00	930.00	927.00	927.00	927.00	2
Feb 27, 2020	931.00	931.00	931.00	931.00	931.00	-
Feb 26, 2020	931.75	931.75	931.75	931.75	931.75	-
Feb 25, 2020	932.00	932.00	932.00	932.00	932.00	-
Feb 24, 2020	930.00	930.00	930.00	930.00	930.00	-
Feb 21, 2020	930.00	930.00	930.00	930.00	930.00	-
Feb 20, 2020	930.25	930.25	930.25	930.25	930.25	-
Feb 19, 2020	935.50	935.50	935.50	935.50	935.50	-
Feb 18, 2020	934.00	934.00	934.00	934.00	934.00	-
Feb 14, 2020	935.25	935.25	935.25	935.25	935.25	-
Feb 13, 2020	932.50	932.50	932.50	932.50	932.50	-
Feb 12, 2020	931.00	931.00	931.00	931.00	931.00	-
Feb 11, 2020	932.75	932.75	932.75	932.75	932.75	-
Feb 10, 2020	932.25	932.25	932.25	932.25	932.25	-
Feb 07, 2020	932.25	932.25	932.25	932.25	932.25	-
Feb 06, 2020	936.50	936.50	936.50	936.50	936.50	-
Feb 05, 2020	937.75	937.75	937.75	937.75	937.75	-
Feb 04, 2020	937.00	937.00	937.00	937.00	937.00	-
Feb 03, 2020	933.75	933.75	933.75	933.75	933.75	-
Jan 31, 2020	934.50	934.50	934.50	934.50	934.50	-
Jan 30, 2020	942.00	942.00	937.00	937.00	937.00	2
Jan 29, 2020	942.25	942.25	942.25	942.25	942.25	2
Jan 28, 2020	940.25	940.25	940.25	940.25	940.25	-
Jan 27, 2020	942.25	942.25	942.25	942.25	942.25	-
Jan 24, 2020	940.50	940.50	940.50	940.50	940.50	-
Jan 23, 2020	942.00	942.00	942.00	942.00	942.00	-
Jan 22, 2020	937.50	937.50	937.50	937.50	937.50	-
Jan 21, 2020	938.00	938.00	938.00	938.00	938.00	-
Jan 17, 2020	944.00	944.00	944.00	944.00	944.00	-
Jan 16, 2020	941.75	941.75	941.75	941.75	941.75	-
Jan 15, 2020	941.75	941.75	941.75	941.75	941.75	-
Jan 14, 2020	950.50	950.50	950.50	950.50	950.50	-
Jan 13, 2020	951.00	951.00	951.00	951.00	951.00	-
Jan 10, 2020	956.25	956.25	956.25	956.25	956.25	-
Jan 09, 2020	955.75	955.75	955.75	955.75	955.75	-
Jan 08, 2020	960.25	960.25	960.25	960.25	960.25	-
Jan 07, 2020	959.75	959.75	959.75	959.75	959.75	-
Jan 06, 2020	957.25	957.25	957.25	957.25	957.25	-
Jan 03, 2020	954.25	954.25	954.25	954.25	954.25	-
Jan 02, 2020	958.00	958.00	958.00	958.00	958.00	-